2746
6495
12660
2848
4472
9266
616
2651
6099
12617
167
14866
14339
11097
6460
15062
15029
5036
12693
2277
100
6574
11764
11886
15939
9863
7636
4042
13528
4572
7894
6948
3272
12969
5408
8532
14823
11182
6053
333
6164
2352
3481
356
9715
11512
12690
440
9614
13231
4249
3376
16063
13697
15655
10553
16358
843
11770
990
1408
1960
8115
7345
8356
9394
11424
11221
9060
11302
7595
16203
12682
12281
15163
16144
12733
3932
7029
6784
14063
4453
5430
2145
6169
14372
6643
4476
9793
759
4001
11418
4393
391
78
8162
4673
2555
1930
5474
11049
14477
15772
7877
15934
6663
9351
996
9874
7158
4580
5339
5592
13417
13387
6960
7303
1101
3207
3178
11026
5878
1016
4170
4338
13715
5450
10238
11153
11343
9995
5221
5093
559
14304
2005
7134
11856
6745
8882
2468
14427
6107
13675
7729
7824
12721
883
1007
13672
1323
13684
8261
951
15189
4543
8011
14471
12868
10876
8505
3769
1072
10370
9556
4499
5018
13733
1671
4802
9084
11423
3586
10959
9528
6321
9214
4092
9830
7249
11534
13167
6634
9463
8879
2469
12457
903
4350
12441
2091
9193
3551
3401
12273
7714
649
7779
15199
5231
6409
2075
1690
7913
14418
15590
278
2313
8860
5078
6630
5125
3817
13971
11695
186
8201
2531
2521
1421
939
12450
13039
7662
3790
13005
5617
4038
14605
13396
6872
4152
5302
8062
91
8174
10301
11419
501
14397
799
1680
2546
9760
2807
2816
8720
13718
4755
14776
3055
12707
4383
8668
5509
7063
15800
1721
7346
9956
13494
6385
5914
12503
10782
11245
4341
13700
341
12278
13763
8318
2443
269
2460
11622
10088
6478
1763
7535
2476
11417
1261
1334
5412
8696
10734
9275
3682
14188
4195
14500
11216
11342
11672
12536
5296
13590
11404
12654
4291
1026
123
3781
6430
1015
7950
1231
10107
10882
7064
11151
8541
10484
3921
16255
2630
13979
965
11356
2979
11544
11772
3496
16357
15542
8149
527
14993
13144
5364
6646
10815
16377
12982
11729
1955
2672
6283
12805
11005
3730
5239
4778
12840
4262
2194
7850
15784
6130
4729
4275
11290
3010
312
12233
1938
5589
1682
2795
15874
10477
5967
4812
11190
2563
8365
692
10532
10420
15593
555
13026
6873
11007
3258
13110
8101
3093
528
10039
10913
7608
2758
8202
344
2838
2648
9996
4187
2908
3634
9457
7046
2087
5851
15262
9873
14085
3675
16077
9180
2024
8604
13520
671
3206
1115
4667
8244
7196
10783
15202
1008
1568
9803
13099
3559
7776
1014
8225
11532
691
4235
8102
18
4784
962
1191
11585
1382
16054
5492
6346
12858
14633
4373
15232
1540
13230
13247
2508
596
1328
7742
6560
3495
4108
4463
6042
1817
7045
10419
11095
12068
14951
8806
10093
13621
8514
3488
11869
1236
2166
15737
582
1946
14658
7657
8421
14379
5343
6864
3050
2372
9630
7010
2517
4707
10057
13376
2355
5171
16323
6383
5416
10257
11055
3231
11910
2897
4190
5783
12953
5340
7331
11972
11299
10002
4558
2144
10140
9529
12631
3128
1386
15567
7882
7879
12804
13066
3134
3876
3510
8628
235
1113
2713
9725
6752
5646
12722
4245
15898
7473
11126
15793
3007
13593
1561
6561
7402
15118
4889
8725
1322
8660
3125
3146
5803
1853
7730
9472
3025
9482
1210
6157
8222
3329
803
524
8638
15015
3752
10082
4507
1036
15902
14426
464
7544
2773
1002
15428
9149
11547
10652
1097
6458
8379
6049
13491
198
15751
6757
1067
4967
16180
3064
8176
1028
11689
9066
5551
4207
11815
8525
5226
8538
520
11958
8845
4599
9612
13001
11749
9631
13630
7446
11894
5482
6984
7079
5053
5071
5372
6551
7750
9557
5316
11800
7916
1388
7630
3193
2966
13747
16229
11831
14651
13458
2580
611
801
13796
1638
13317
9102
7323
7947
5698
12513
7769
8074
15055
4459
16024
10953
9278
4390
7419
5644
7840
974
3719
9957
3122
3722
3212
10409
8389
1563
3372
9897
3011
10078
4663
1466
2658
4616
3864
13014
9145
8292
1753
455
14656
8992
16226
789
6988
14009
15482
14053
13189
9554
14361
7060
15306
11456
11562
6725
4028
5441
5194
3973
4774
16152
6611
6333
9828
7918
12182
1419
7694
5360
12110
15304
30
4601
2248
16257
6059
8932
10479
9226
8633
14852
6227
4851
4908
1034
4882
13793
2307
6141
5766
2616
3030
492
10089
12523
6810
12864
12309
10182
1423
12856
14446
1574
15474
2904
1621
14819
4313
3136
2791
6714
2554
4493
10130
14667
10975
3747
6991
9168
8314
1685
13745
5832
3009
5442
13866
9255
5648
4874
15059
1308
389
8440
12234
12745
14102
16167
2784
14600
4772
2586
3521
10168
6834
11446
7313
5809
11436
2510
1652
1828
5730
1010
5429
1803
4870
1744
10544
4385
15592
15881
3537
12816
602
98
3620
7040
6299
1050
1787
5632
15357
14683
1765
4677
13788
10242
3472
3260
15269
15157
3764
267
11935
8269
2892
1180
535
6154
2565
4236
12042
2195
5113
2493
247
10372
14435
6425
8575
15917
9258
2765
12177
9816
11340
2666
5839
4834
15135
6804
8956
8979
2069
14144
13728
10186
4258
2361
15707
10309
8958
1004
7594
12898
700
11931
4040
1011
5074
14690
619
3176
10845
11322
11584
9708
12070
7085
8493
14528
4850
2958
2266
2287
14195
105
6479
15228
9357
8913
304
270
11100
4144
3316
8432
15833
8637
5243
11006
12194
15326
9414
12736
2446
14506
3466
9031
2591
10622
10471
11975
1758
14469
10251
4270
7400
11627
9570
13279
2451
7367
13637
875
8340
12451
1433
12175
3794
1838
9118
10962
6397
1126
8210
1166
13086
1487
4387
14252
7922
2137
15516
10276
2523
3119
15621
6410
2015
12759
15469
3226
13471
4618
11641
3899
6557
5694
4411
15283
10825
6219
11782
4184
5115
1017
11073
11743
1338
811
12930
9216
6514
1347
8786
8944
13465
10436
8219
13358
3800
9230
3560
417
14849
5578
3910
8584
1211
10325
3449
9955
10761
4054
9769
11318
7129
5378
6334
12821
4816
10934
6437
2178
13936
1560
5870
6799
10733
8876
13394
8495
8910
13556
1629
6502
10382
2900
8989
7570
1229
1446
11242
4857
8599
13284
10727
13985
1719
1265
2400
5141
913
2297
1079
3968
10469
8573
6465
5701
12164
223
12878
7999
3292
15574
5970
10554
11985
6080
1313
10719
13744
3953
4805
1196
3685
14813
1526
1023
2073
4734
12389
3117
6435
1085
1198
2378
11058
15957
3672
5435
11953
3969
16187
11955
7299
4907
3918
10803
4148
8258
3445
3192
12022
2855
14873
12368
12117
376
11811
3269
3339
2675
1895
2944
8355
2690
3914
1327
4085
14169
2842
13730
4031
5467
8125
116
13450
761
6615
3509
1132
5685
1095
9281
6056
9071
362
8441
4562
7269
15237
5363
1947
13538
8467
4668
11150
5143
5253
3811
6004
2288
1449
506
10732
5555
450
15323
4978
10620
3655
13939
6171
10930
6467
13990
6616
8850
4530
1849
7053
6970
12469
12033
425
5607
7332
9543
13337
3381
3015
15657
1287
3371
9172
3284
15184
11763
7542
11357
7136
13145
9637
3539
5455
10615
3526
12316
14783
7813
1543
5808
7208
1170
7897
12808
5828
3233
3265
7054
1204
6747
1672
1342
15013
15238
3121
7700
10989
15464
7632
5712
8949
1470
3831
10897
5561
2390
7076
6482
6032
8057
727
194
14251
11969
13140
2584
1741
5241
791
396
3928
4238
8157
11852
12610
11308
8477
3452
14720
13880
3971
2380
15078
3572
597
10348
8682
7764
2270
7561
1190
4210
14677
3615
11807
2576
15051
15367
15125
10118
4077
11044
14092
3543
221
9089
7670
7495
14259
6857
10240
1239
9032
2856
13605
3819
755
3772
2463
3897
11282
6581
942
8000
1847
13531
2343
14646
12771
12635
10413
15805
743
5309
922
11978
5270
7107
3142
13570
2656
4322
4971
9013
1332
16145
1363
5643
12895
12126
12356
8290
8780
779
10150
8679
1541
7793
9845
2809
15359
1743
7070
9882
14578
3443
13606
2431
5433
1861
7598
3720
15447
15483
4876
3761
14925
16012
13438
3975
15591
3922
5533
895
1195
1341
8428
12901
9068
225
4910
407
10838
10695
6761
7363
1559
860
7295
15940
9137
15937
9279
696
3561
1703
5566
7329
5530
14186
13120
7397
13233
5946
12160
1461
4159
182
1750
120
6242
15443
6358
3052
14797
2500
4510
8150
3270
2670
6065
14555
1752
8198
10661
7217
6438
7290
1094
1789
8738
14640
15035
5652
13686
4016
8425
4422
13754
12129
14380
8922
15615
2418
3809
5324
7612
2048
1968
935
9606
10321
3660
15932
3199
14007
10311
12590
6710
12849
11828
12712
8545
10669
7885
9244
9601
5174
3022
14111
7004
15641
4879
4104
14297
15638
3247
10358
11167
9577
13342
6420
13019
11469
1031
2405
11551
9745
8233
8236
12529
9935
1936
2926
5570
852
8602
342
3829
6662
8601
9136
9408
5463
6281
5042
470
3054
5320
2318
8828
7778
4796
2729
1553
4637
7990
5156
15224
14247
10965
542
5046
8188
7042
11501
16355
1771
7294
3988
3148
10302
12085
9535
16311
12652
7711
5635
10799
2464
4441
4174
7915
2768
1199
15558
5601
2308
15580
9768
5800
4119
14560
1046
4983
2502
7126
7784
1998
5990
504
11934
7801
4843
10951
3189
6964
11860
4266
10206
11133
2359
15308
2001
16160
1589
16065
2349
7442
8418
11575
13818
4675
10694
15507
2062
5931
677
3937
14396
2119
1613
7230
10374
10173
16356
8558
5063
2473
1413
2456
5881
14740
2702
16278
2314
8302
12173
2836
978
10204
10565
485
902
5012
3187
7238
4723
10106
629
4769
12222
13653
2092
9343
2485
2766
15251
5458
1801
14898
1911
11954
3426
2683
16006
1814
5081
5622
2236
2207
15960
11325
14357
13431
5681
12472
6165
11019
2342
5314
10592
12103
3871
2982
9057
10100
6664
11293
9270
446
1738
12360
8582
7306
3750
3995
797
9658
4835
9261
1436
6497
8254
7421
14467
3458
13258
16149
12398
11179
1664
16133
8485
13065
13020
13627
16071
8608
4487
14863
6564
8032
2301
3653
10314
8213
6050
4948
11409
14136
12308
15919
4742
11920
1455
15723
3455
6125
3237
11466
14384
11292
15060
14119
7766
6200
5118
10683
5033
15041
2612
10159
9126
2370
6119
807
2455
10557
2196
9254
4567
9545
10322
11721
10493
6746
834
14708
2068
10013
13645
13951
5669
5225
4315
13422
5038
8520
690
2267
7359
15524
4608
11107
9267
10272
9390
2498
3577
3044
10976
14822
9096
14283
6584
7931
3419
2429
6353
10910
10151
413
12848
8067
15186
2046
15875
452
14338
2547
3709
706
8549
9521
15777
5274
1409
9431
1006
886
13326
3989
3723
11269
3603
13874
15164
7607
14208
1573
12374
3420
1973
1795
115
13986
3348
2100
5740
3203
3478
12056
10425
5998
3380
11616
3487
7627
6547
5924
7417
1259
3639
7305
7698
4933
11263
6913
2322
12170
8528
14301
5110
3151
2133
4448
5168
8006
6448
6315
4203
2003
5840
14001
4168
10922
13300
4281
7540
5736
3135
9522
8865
2441
5734
8689
4306
2663
6356
15854
5744
5047
15906
5127
5940
16279
4679
6517
10172
651
12967
7875
3902
9221
6651
14059
13184
307
2722
3940
1615
8560
9282
3556
3700
10789
12288
7143
11249
3721
16132
13442
11382
9648
5831
14447
3225
15897
2238
14701
6813
3131
3754
15175
10045
15442
4859
12060
8113
8933
7585
4686
6019
12843
6374
9947
687
2960
9018
10894
8220
13123
7161
8400
8643
12935
8839
13339
8592
41
7708
8257
6598
9832
4194
12201
9205
15485
15096
6098
15495
13106
10811
11439
2839
9430
7721
1358
13097
3171
10759
8280
15830
2884
11762
1284
11012
5804
10904
13820
14312
8331
2391
678
620
12235
8596
11871
11288
1636
9666
12653
7533
4362
14641
15785
7529
3429
10164
10841
12411
9268
2115
13600
56
4922
4223
10973
10027
1019
1025
2708
306
3853
5918
11183
8862
7484
4474
4881
6252
6776
11149
9465
4588
4920
300
6954
13837
3396
12152
15362
8171
11094
7355
4828
7464
552
7031
4107
1127
6055
10807
7909
10051
9079
11847
13377
6063
655
171
5278
4940
460
13698
7119
5337
11283
6623
9576
6408
731
12493
6589
11032
573
4287
2448
9501
14249
6006
384
3547
13889
5094
3501
4241
1745
4885
12797
10700
7193
5786
11982
10058
6754
11062
2529
10979
14867
2527
13073
5907
16029
15378
14420
5275
2348
10780
1395
234
9924
5562
3701
461
3873
1579
5215
5531
519
2138
9460
4617
14225
917
13125
7728
1485
7610
8319
7772
6608
5079
9269
4094
3424
6466
821
5182
2671
2726
8204
14358
5164
2990
16186
263
11730
1941
72
10217
8557
4614
5974
12082
5383
8733
2153
9939
15756
8598
6449
10941
1194
10507
10830
1032
12383
6145
6361
14543
12202
3782
1504
4682
963
3986
15519
2143
14926
15794
3414
1108
1473
14394
11264
6331
10162
7679
1393
2047
5752
11930
7505
7278
1187
3849
9526
2859
14156
11059
9716
6798
3628
16230
13226
10243
3254
2242
6899
394
8807
15994
13581
1529
3542
2744
12801
11744
4623
5759
16001
9225
12183
2724
15254
13983
11262
5618
659
7631
6035
6848
12476
3867
4076
7254
8347
6526
3633
6266
4513
3602
13254
1969
14733
11238
4936
8020
2582
10827
7227
8763
3164
15882
11543
1304
2293
10809
672
6779
13385
577
13640
4737
13127
7640
7038
4374
11676
7364
5315
5508
11538
8106
9916
7618
10342
13349
15292
4609
9813
3074
14995
10765
14846
2335
8621
2689
5389
7734
9871
6365
8801
1141
3138
3484
3375
8886
765
656
3915
3967
12918
13157
794
8946
6531
6556
4473
5427
3108
3512
1730
4807
3780
14089
4515
14220
2608
8916
9228
16314
6689
1374
15024
15047
7328
4752
1588
252
10743
422
14353
3929
2778
6036
9036
958
12407
11928
7625
7749
5345
6027
11309
8295
9685
8511
4402
12695
13266
9000
5796
13592
3083
9946
14660
3398
1591
11775
16101
4688
8372
864
9171
2667
2609
8930
2374
2794
2711
8249
14436
7658
4286
5543
7709
2216
10056
13910
10326
15566
2754
3067
15515
15952
2868
3597
11111
4024
12882
9546
7256
2949
10916
7673
7482
7512
6340
14081
13370
16074
14074
13049
13304
3357
8795
4488
5722
1089
7736
4821
9806
12787
563
11956
2602
4314
9733
8154
11977
10192
14563
2004
9490
8515
8084
2259
6902
4257
16283
7467
1189
13723
1612
11478
8581
10519
12588
208
9583
10269
12332
5885
5361
14013
15066
133
15379
1992
10012
5845
4818
3153
7584
817
8430
5659
9238
14687
2779
16176
12719
14862
13202
15019
12203
3103
10558
15927
5198
5571
15720
9213
3802
4955
10389
15987
3319
13371
1482
4503
89
8719
2793
7914
12324
5526
10157
13116
9929
10121
2780
7825
4563
11690
7978
11034
13624
4833
5683
5022
13663
12671
13078
7356
8761
4083
2595
15138
12834
12615
15616
8519
8264
184
9559
79
6927
12427
4962
282
7036
13929
10848
16075
7074
435
16351
10103
5186
8085
13441
879
3947
14634
7347
2067
13274
9975
13616
2111
5126
2733
13940
3680
12376
12282
6979
6297
4357
5437
6318
214
3525
2501
10909
534
4733
16263
13506
6289
11654
7691
6980
5266
12933
9317
12830
4705
7838
2730
10663
5035
3175
6565
5602
1857
6800
14135
12238
13130
6974
4652
1253
2226
9735
3798
9959
16193
9143
4212
9533
12027
8641
10070
3382
13682
6221
4937
13119
2496
8419
6247
12751
8151
13022
2055
5819
92
3341
6965
13861
9035
10161
10536
13873
176
13817
7983
12609
1599
11486
12029
10167
6295
3648
2818
3970
141
331
16359
16270
7798
6697
9054
6168
5140
3486
15137
11121
15415
10593
1556
10775
12520
13012
3618
8092
5487
899
10315
9853
436
6488
12460
12900
9110
16223
2148
5030
2303
4902
5396
661
6398
7200
3275
127
11053
12275
5650
4410
8721
7366
4694
7270
15296
11223
16344
245
8837
2121
3825
5556
8487
1440
13374
5505
8199
5978
12328
15244
4683
8704
11737
9925
2172
2867
14062
4877
13224
15042
12725
3360
12511
4014
6993
3475
14020
7648
6348
14991
1372
6476
326
14189
16381
15739
4172
2874
9743
6830
8740
1552
7509
8163
8473
8774
854
8844
3035
10337
253
7965
11331
13171
5016
7336
16324
400
13689
14501
14210
9819
6833
14510
16300
1551
8975
7283
11125
6853
10585
14778
7958
13631
9198
7203
1088
16218
11270
8360
6986
1161
14612
3767
1732
7744
9827
15446
2127
12471
2422
14228
6215
5603
12875
15206
9881
6313
10617
2483
6530
4917
6859
5281
11824
4949
4837
4732
14494
14573
2824
9164
11565
12455
12186
11881
7876
9436
11475
10642
6528
14794
13353
4501
9849
7996
14162
12149
9264
3758
10136
4806
7048
2815
9372
8889
16007
11089
11576
6418
5357
5890
14368
16236
5636
4380
6576
15807
14958
12798
9880
3408
6808
11024
8153
15345
7562
16262
1786
10084
12589
8864
9115
4061
6717
12651
3397
14828
10656
14707
3693
9491
431
8997
13963
8489
2696
4586
11217
119
3078
1864
8390
14874
8449
2805
14774
6632
9702
4128
11947
80
1325
4283
2677
7514
11146
3124
14489
7488
13405
4524
4123
8927
2357
9846
11752
4445
4133
12593
12349
866
10991
12017
14484
8056
6816
7228
9842
8885
8338
11839
8959
8548
1418
15134
15526
4197
2693
10587
481
4009
5334
14205
16330
4057
8080
10655
5468
2182
3320
240
11929
7451
5593
12445
6703
15995
4875
13626
984
6175
5224
13397
8778
11495
1840
6381
11974
12454
6726
2827
14354
1462
4089
7101
12598
4280
2218
6667
7808
1373
10131
7440
12705
13716
6880
9878
313
7075
3664
5011
11210
3739
85
14141
3673
1507
9791
3799
11531
4164
15850
9379
4638
4117
8346
12140
9527
8208
6317
11724
5552
11697
4844
16284
6132
9340
84
11386
2567
2614
2399
10166
5791
6186
2295
7952
13341
5548
6718
419
11011
12642
9893
1887
8998
4272
3893
1489
8981
4718
495
10606
8008
10971
9337
16111
12423
5122
2410
2854
5731
3900
6879
1143
11281
13447
6140
7878
14903
10889
13468
8234
4365
5513
999
11188
423
9130
6883
5181
11779
10659
3308
14289
2954
12766
10113
12256
8863
14065
14536
11634
7637
1569
14722
3977
10060
8929
6554
2978
15089
3267
686
12144
874
13711
3029
10525
8458
13582
14799
4416
14697
889
3569
14927
12330
782
496
1811
12841
3729
2899
6364
7445
5469
12537
7194
11131
7887
1928
3784
3290
3705
11633
4598
13897
457
7788
14034
8928
2783
9591
99
2433
11259
2219
4771
6801
16072
4921
8677
33
10194
10958
3954
11298
11499
10281
11370
9544
7933
189
7862
14073
428
8186
7707
4063
8099
2528
10041
9007
5440
6198
6230
15929
12163
6343
8983
7556
1545
9017
8031
11608
1305
14594
9691
4678
6524
12205
7645
9413
4785
14409
16295
6129
512
14142
6177
1064
4392
4941
12437
13485
10180
236
15511
1705
6041
15396
13181
4799
13519
11389
5641
10603
1607
4012
9513
8697
9984
8112
16261
16220
881
5223
7949
1687
10043
2718
6962
5502
11870
7104
8420
6573
8605
14743
10123
5581
14615
12032
4218
9517
10473
3567
9978
9560
3351
5577
12023
1425
3118
10403
6559
8803
7527
14422
6218
1192
4511
1602
10152
6349
7519
13834
6751
13541
654
5982
12905
5050
2605
15452
5149
6031
15124
14614
13366
6375
11671
10450
12361
8091
12716
6477
11171
3650
5090
3370
9657
10680
11082
9449
3004
9656
7678
586
14672
11520
8444
4250
6570
5498
12904
15985
6499
574
13200
13186
8119
1782
1633
9477
8044
11738
5407
7609
8252
3346
10670
490
9993
14425
10451
5086
5148
2490
12506
8297
8238
10997
12919
7976
9368
13213
15681
856
11001
11093
10701
7884
6245
5584
11996
1514
15391
9364
2851
16038
1351
658
15760
12708
5057
11632
15652
11172
9184
8239
3568
8583
7646
9484
6521
12783
3749
13008
7219
4456
5111
9645
10476
10773
6304
8445
6955
7354
2911
6812
14410
14433
13391
9002
2060
5329
86
6120
10756
12341
4211
12865
15307
544
13669
1412
10547
8433
2706
4820
10357
14022
10198
14884
12735
16243
4312
2411
4768
13974
2363
11033
27
13636
5916
818
10158
8718
4757
10886
16268
7939
5183
12212
7262
4942
15856
8969
4651
12962
3886
608
448
3112
6501
7543
6567
11514
3666
15003
12675
8469
13595
7690
7112
9284
13732
8626
3807
10294
13142
770
9598
6060
10693
11428
8460
12937
15696
14512
1802
5426
16022
212
4717
16020
13895
4866
6413
3640
1267
14994
14292
1222
9967
10482
9063
6147
6029
3532
14785
11211
10292
7504
13566
13980
9552
12623
238
13482
14242
4097
15067
2812
8868
7927
11287
7559
4330
4858
3127
1410
4600
8672
3976
15489
819
933
2395
8272
1203
3410
2432
12587
3614
8224
9338
11349
5932
15926
7164
9387
3874
16026
2821
9181
13914
1755
9169
4464
14976
11207
2775
1830
4494
2009
8909
13995
7183
9940
6226
11549
549
2905
1043
10026
2239
10573
5256
9910
15752
9485
6763
2550
249
1502
9121
6571
7188
4455
12757
9219
7211
6701
10673
2181
4550
8871
10534
13059
5692
11372
3459
6083
2753
15094
15278
13634
15177
9671
3651
14275
15332
4320
6206
11694
3678
8835
12948
3456
8206
7789
4982
163
1676
12323
5841
6690
7339
7988
8442
8625
7166
4968
7172
5479
8240
8405
2620
9107
8475
9099
6100
336
2066
6640
6983
11434
6371
13409
9802
8798
12258
8655
633
6401
2159
7128
11555
6123
8497
1232
7350
1727
11613
15210
4549
15668
2697
4753
15884
6066
1200
5666
2585
8808
14428
1465
1467
10068
12566
8462
12459
1380
11965
12839
3877
10074
7516
11477
7453
9998
7951
1878
6989
14476
9977
14480
13869
2634
9440
8775
10307
12803
13683
14204
11850
10717
11625
9970
2147
7124
6475
5861
10095
4659
4276
11351
16227
106
13223
5776
2351
5023
6898
13617
3185
14857
11680
9693
13343
9053
10003
12217
429
3627
6693
4391
6172
7095
6111
11903
2869
13761
4672
8644
14954
1068
1464
5477
387
5708
15735
68
6837
7936
1040
12646
4178
8310
9405
12310
6918
4635
7727
14056
3934
5196
10541
2332
14654
4976
14058
5049
15697
4438
11286
3694
15246
7078
14318
11508
600
94
13296
5386
1944
8662
9092
437
7308
1899
2814
7491
8455
4450
11273
8607
11707
12142
5021
2214
5926
12350
5338
7759
5774
13484
4004
11027
9432
4504
7231
4532
8474
13356
8647
10901
9425
15916
11173
6824
15109
7802
8396
10790
14035
3907
7810
7150
12612
5541
972
5921
4592
6170
10903
10313
2037
2603
3836
3777
12061
2977
6161
5761
10492
13286
9309
14972
8717
9131
4720
6696
991
13633
14974
6234
14052
5195
11042
12505
5499
1546
10005
7258
9290
15275
12542
1048
3245
7274
8770
14167
7118
9942
6146
4666
2880
13305
1178
14163
16212
2833
4406
1331
9499
6185
9400
9593
550
1683
7255
7555
7263
1996
2488
8159
2074
16127
5362
11224
4979
5905
3065
912
1518
4460
2844
4469
11993
8579
2607
15546
10277
10444
16173
8652
15609
7799
2915
6978
9870
12153
8289
7517
4323
2530
2256
4279
4568
1212
6387
2568
12583
7606
8120
1480
16057
11103
6259
13790
14082
15011
8529
6977
6792
11778
1378
15708
790
13428
3574
3787
1751
11582
5287
5993
12487
13702
4855
10860
8615
3617
10776
6658
9549
10712
6814
9176
15865
15133
3295
12294
1451
14631
4002
7222
9603
8914
7815
7232
16080
6803
13459
6021
8902
14503
6048
233
8136
15425
14441
5044
15544
12926
7007
8426
5863
9717
4120
9569
7888
5900
1889
398
6545
12462
1984
2917
3997
2714
1223
10486
11161
949
4234
9683
6890
7087
14905
2948
4121
4959
7569
1953
10636
13900
806
14395
13958
10602
7431
8212
5465
3776
6485
7229
10487
3563
6719
15065
16305
11891
16216
13620
3960
6943
3013
3156
1779
10016
15490
12134
12648
8962
3334
4043
5525
4680
643
14309
4425
6947
7223
648
4639
4591
8685
5092
13248
4560
3766
6300
5769
5401
1437
9661
5976
11165
7157
12387
3630
14967
5207
4462
1346
15319
11703
224
2604
15330
4629
6928
15099
13367
5028
9393
11854
11507
10819
11799
4687
6647
6546
2000
308
6698
10258
5909
6750
2268
2434
13114
9153
15661
10874
4819
4394
13025
8502
16004
10619
1135
15084
8813
11767
15731
2141
5879
13439
8072
15037
618
15656
6447
15753
9455
37
8518
8710
10216
9641
10239
5598
9761
7904
8508
5947
7921
9313
6836
7108
4957
15663
6402
7390
7910
6276
12704
4050
4894
13147
10065
9899
2228
117
5888
6838
1700
3024
9907
9502
15623
11704
4360
9877
14609
8326
9212
7410
180
5799
859
1411
439
8630
5843
1611
7600
13574
4526
11822
5276
453
7343
4919
10091
16280
11437
1159
15123
271
932
5737
15849
6184
14956
5829
12213
15529
10129
12081
9879
10470
4956
8144
15508
2578
5614
15612
9262
9954
1829
10851
7373
13424
8492
4766
5387
15130
5065
8266
16254
5422
9823
6089
9139
226
11334
9608
4749
6350
15825
4746
13051
7826
7226
6637
9248
5344
12007
8708
3816
8322
10767
16140
3263
4265
6828
10737
1343
1111
8480
5917
5504
9170
7141
7880
13360
2173
15310
15910
339
4788
13553
13524
2142
10690
5146
7500
1369
6306
13350
1130
2865
1904
9232
6886
5331
4620
5391
5162
8036
4071
10749
14273
777
4386
13264
12672
5077
12136
10246
969
10912
5409
5937
2079
5943
15429
4756
7981
7664
3958
13781
8804
3494
15106
7342
5781
9456
15555
11350
206
16276
10179
4349
3264
13352
2687
13383
10279
109
2187
359
4923
15817
11865
4814
14131
1708
11755
3430
3328
10423
51
10222
6244
1914
6344
7089
2383
14412
11908
2652
2695
1249
2251
13191
10399
9904
14430
8334
8180
4529
8585
5788
5461
12730
2986
16292
9701
5749
13217
13623
994
364
1093
7037
4364
12370
1768
6777
2027
2741
2669
9474
2152
6112
4963
4154
147
10567
6739
9001
15131
3018
7132
6592
10033
4479
6047
9937
1622
5298
15432
15046
12632
12320
9934
15967
14343
6595
8001
2518
16247
13262
10771
10075
7300
15878
9011
285
7558
10427
2922
4744
8404
8797
1987
9746
11411
13040
5347
14172
3167
1156
9796
12637
7901
13287
15153
11344
3803
16056
13502
1122
15072
13354
3235
1645
2583
1663
1695
9732
8755
4331
10380
6935
10517
15846
12196
5397
10800
1226
4918
1376
5470
7568
1592
15025
14206
13406
126
11467
11312
503
10288
12312
6489
11559
13854
993
5097
10030
733
4233
3529
131
469
9914
2941
6203
4671
15659
5862
13244
14474
13548
8753
10462
11594
7751
1107
12666
9511
3515
588
8925
10364
2014
7213
8230
10187
11644
6020
3045
14307
10791
4815
10514
3415
6572
9411
14529
11141
7195
15280
13808
2105
7182
14330
8544
10515
60
12101
4423
10937
6644
1926
9100
9428
4582
14877
12502
5517
7803
4202
3707
11070
1431
9113
4437
1098
4827
8344
9892
13089
7401
15890
9147
11621
55
2660
5003
5237
10745
10666
5704
13961
14820
8587
13701
6014
3814
3731
15561
1038
15637
6548
7026
2871
9476
523
8799
9493
9412
5039
7705
14132
604
7425
8089
5977
1628
13470
16168
15239
9639
14670
3813
6906
12876
12098
1775
11198
14748
5269
6975
9826
7956
13194
11208
5945
1691
4849
12779
10128
3288
262
4893
7663
15466
2261
16225
6910
6273
12908
15763
9634
12784
12408
7841
4915
5936
4201
4935
16170
13034
14482
11462
4058
11099
3797
3619
14531
7252
11201
8789
13767
2457
1699
10704
12165
3314
6811
10880
11741
14662
2597
7321
9982
14810
14837
8500
10349
1935
8116
682
6094
8096
7917
13407
13032
8051
7177
5955
6764
2098
8712
11265
1844
13703
9860
12263
5958
7245
2709
14293
11709
7169
5942
1123
1761
720
138
3147
10011
5017
12786
7471
13168
5404
8038
3110
9163
1536
10605
9179
11607
4590
665
626
5735
11879
1247
11384
4026
12138
9211
2534
12669
13962
2976
9784
14364
4981
4566
12910
4702
3
5282
5860
3152
11603
10250
9061
15796
2525
900
3757
16108
11043
8673
3220
8321
9350
13463
239
2419
8613
14635
13107
10245
13899
1361
14711
11896
5027
6653
3129
13334
16343
8075
93
13311
12125
6921
1883
8332
2
4872
2876
4887
39
4692
2280
10355
2808
5244
3412
15525
8121
13146
638
2088
10199
7144
14968
467
10857
13659
1182
11758
2505
1493
3432
14680
6411
11914
3613
12526
11684
9938
15941
13919
15421
11046
10885
7259
12269
12842
14194
12741
10494
5365
11311
10181
12628
7374
8501
14181
5873
1634
6335
8479
2860
4581
14522
4167
13758
3092
15915
9042
11474
4960
863
3506
13720
12972
14998
1806
8757
3643
15636
4798
786
332
14084
15154
15411
6487
434
13915
12606
6034
4146
10401
14124
4044
445
10914
13029
4122
9505
15993
29
15143
11396
11258
280
203
9909
15675
10854
2516
9117
14235
8563
12923
242
6919
10412
1118
1402
7286
1497
1438
10284
13956
5655
11128
8691
12318
1221
1666
15853
13787
10440
7246
11554
10154
12567
11449
14187
11511
4231
13845
6588
11635
7745
5724
4355
693
12215
6452
7106
14336
1172
2204
2715
9968
12115
11246
10710
383
514
8779
6412
12964
13602
14363
4336
8664
6973
9654
2913
12465
7528
5639
14200
1684
14970
8513
3104
5398
11591
10465
9928
9304
4839
4134
2260
3470
5290
8612
15498
15928
6861
12548
9008
1698
3457
8045
10531
6786
929
3160
3524
14439
3637
16175
5108
1632
4346
6093
13559
7866
3587
4905
6740
4903
10709
2168
13750
1956
6457
4298
4714
11844
7854
9534
7043
9709
11668
5624
10375
11771
13220
6715
3223
15827
8674
6189
158
3198
7261
12495
8459
521
7676
1575
9698
8377
11659
13235
1630
6310
6293
14801
15420
9854
15031
3828
2021
15981
7427
2678
2428
3716
9506
10171
10424
4945
5868
12208
5102
9174
13953
14637
7995
14643
9699
15403
15354
1875
15733
13242
8255
2053
5969
11498
4929
2649
5742
9259
4497
2396
4527
15678
4804
8547
9187
9156
3589
12075
12399
14337
7225
992
8148
14230
1820
9352
10873
8841
7874
1538
15460
5172
15666
8324
2180
7151
5751
3205
7379
9382
897
15265
2171
3898
13133
13557
4457
2720
7986
2202
6998
6092
11115
1070
12625
7096
9872
2684
14941
3154
10156
6422
5232
10888
5265
10527
5528
5055
5806
3213
2290
7371
10115
11848
3850
1352
1053
13327
2777
8211
2936
4977
3703
9471
4538
749
6134
8276
14523
6396
5462
7861
6968
7872
13272
5070
15713
2278
13018
7619
241
1933
6445
16211
711
4695
4114
5790
13978
10304
4339
2719
13204
14597
12608
6673
7792
2227
14319
15771
11700
4220
3326
1224
11008
15935
14730
2174
585
13904
2985
9004
2545
3352
2302
2465
15347
3863
7293
12049
12507
5838
4254
13476
8535
11177
5178
4938
7906
6778
695
9572
1428
12826
10029
8873
2551
7483
3491
14544
847
320
13448
3570
459
8661
4545
11523
12127
5
10176
5700
11652
5043
4064
13013
8026
9740
3848
3966
3027
3631
10900
7843
6204
5919
9073
8007
7424
411
657
5778
14945
6577
14226
5213
12372
14780
12158
905
15766
15364
10844
2059
15212
14744
2394
11086
2192
8722
8723
890
5138
10227
11624
13308
12114
447
5823
13583
11981
5381
14728
10842
10523
14932
1090
405
10396
15342
5045
14317
11473
2792
4289
7975
8676
2223
10280
5814
5715
7886
15725
9029
7785
299
16073
3503
6097
1297
6380
12688
16372
5580
12668
2998
6255
10133
1277
995
9435
2217
1217
13250
3884
6945
13575
11316
8002
9933
9690
7960
10570
9672
7360
11391
3349
1792
14010
9067
10784
16183
4947
15375
3331
5608
6625
5348
3581
11888
15353
1471
813
7024
869
9019
9342
792
6354
4724
3941
2522
16181
14816
15775
5613
13192
12393
2249
7432
15173
7215
10134
6590
12440
11539
8012
15838
4961
8940
6931
8857
14387
6606
15572
5488
12802
16327
7092
8248
10908
5850
9047
15943
4832
2682
13332
8824
14800
13087
11051
10500
13503
8951
5802
9334
16021
7545
15136
15128
1620
5088
14911
970
11623
3166
4656
6087
14166
4730
4273
4253
2385
11192
4106
3058
10795
16231
4522
8465
14566
4770
12954
1367
1483
8567
7937
7703
1317
6363
8823
6131
7416
10689
8555
6442
7760
12656
10746
4615
7377
12030
5834
3279
88
16137
16082
15886
7449
4418
12940
8191
15605
9495
3751
9611
6057
15951
368
2354
2338
348
4297
5780
6115
14351
10347
1280
11577
13976
14442
12343
11315
10190
10682
1997
9
4333
11664
8093
14537
7393
7643
9758
15225
2937
13529
9561
16036
7272
1879
14285
15922
12326
4990
4645
7320
12936
2764
7738
7310
2257
7920
9965
15112
12424
12364
8145
13083
9953
6527
12661
9607
16335
7653
1311
377
14302
12886
487
14164
8635
10871
8737
2598
12558
12071
15005
11926
13088
5573
2761
2932
2309
2561
12220
6463
21
290
10224
15318
11407
8010
13563
572
8781
12614
6071
967
5151
11392
15862
15043
15764
4191
15579
579
4570
11186
14415
11728
2564
4531
6670
5371
10995
11873
8966
10163
7681
10933
7853
12327
6704
2843
12094
2336
13316
15625
12789
7869
14454
15032
13527
2413
13161
16003
489
35
8039
5155
8168
209
5835
6773
9206
16288
11939
4227
7634
3291
14851
1375
16201
8129
15883
6534
11666
12348
3516
14579
7333
16379
2629
735
15977
15837
4565
5211
1865
12285
8488
5710
9445
13434
2064
7309
9332
9676
5161
4690
9173
14021
9847
3768
13832
8189
675
13467
1486
1859
13150
15702
1476
13187
15603
11588
7572
11124
12739
4551
6549
2825
12405
6052
6373
4481
9919
15045
1152
1989
3507
1479
4138
15521
15692
9980
15568
8716
14758
6104
14910
6153
5680
12576
12602
3032
857
10639
5210
1597
6642
12951
13809
63
433
3688
15028
3636
12946
11949
13173
12249
8299
8327
14907
10662
9246
10059
71
6432
9700
609
15098
3870
145
1104
12102
11533
9679
6274
129
12218
6602
13857
6587
4660
7489
9215
1819
13911
1681
2588
1581
8028
13273
13322
7722
3140
16274
2705
12732
7777
15501
15976
8819
13839
3573
6529
9894
9253
2161
11233
4792
9082
3286
13558
8771
5964
4896
11268
14191
6727
9024
5139
13618
9323
3453
3417
11656
15195
1572
1980
11733
7891
10207
2276
8553
1096
13523
2955
3086
14468
13182
10249
1837
11553
9272
9703
8083
6894
4177
16151
418
8023
7974
6003
9088
591
5872
14097
14212
6355
16107
4516
3725
11010
8398
12001
8374
268
16210
12300
11696
232
11041
10418
4424
9837
6959
10658
7159
5765
11725
7765
5218
3513
6110
2061
12568
6578
13814
13691
13063
3540
5008
14060
13864
5257
7966
15155
4860
1024
9550
1696
966
3442
301
605
7218
5535
6641
5135
8070
16238
8164
9227
2016
16110
9087
12847
12619
10390
11883
4731
13589
7837
6972
15249
5653
10208
6237
12289
15479
7008
8139
15729
5596
14590
8536
8512
6213
3392
228
1102
10751
4482
8509
9097
16198
15520
3302
3000
4883
2513
12464
1488
9905
128
2930
776
3315
8537
319
4017
1917
2272
14947
13081
5569
11510
7277
12475
3403
2264
8588
4260
15979
6675
15982
5134
11243
15499
14698
3244
10956
4998
3901
635
5546
9021
11992
6900
4521
65
1785
1832
8609
7002
1183
1381
4417
12782
9409
350
8772
3923
1066
13015
1356
15392
5444
14864
12485
121
14772
11072
977
13507
15372
3180
1675
3114
6519
1318
5306
11476
1513
5718
14278
8105
6376
14046
2213
13611
12351
1254
15950
1003
2275
9822
7055
16241
10785
3143
14389
3306
10752
415
1737
3109
11122
2601
494
5251
10333
8484
4163
6486
10189
14592
1209
14961
5208
7639
4124
8245
9756
775
4640
7149
10139
7025
13449
11643
1799
9316
5938
14576
3066
7344
6713
7362
2232
2872
5190
1905
10273
3728
9749
6192
14155
6462
13196
13876
7563
7602
16382
1756
1129
10452
1069
14764
15252
104
6852
5145
345
7192
3149
13462
5179
13245
11864
11990
3642
11952
1258
10122
346
9932
8766
8009
10119
6897
2246
15284
7858
2544
5867
8312
10223
1846
16272
11199
14861
15291
15488
1679
13153
590
15809
6911
15439
1610
4793
14914
6847
16342
15811
768
14019
3987
982
3132
97
12825
837
16196
12892
1055
1266
15996
10205
8748
13770
13635
11155
6309
12083
5634
4293
11468
1697
2070
2916
8760
16224
8109
7475
11187
760
7448
10040
3070
907
16179
8849
15536
10757
12853
3839
3601
2610
9635
15855
2208
12416
548
2962
7189
13400
15211
9536
3049
3665
12633
13565
2577
3554
9642
4704
9283
150
2371
2440
12994
1400
7266
6260
8838
10929
15331
9468
8653
9200
8747
14975
14824
4068
14541
11712
11492
11284
12410
6404
10296
764
1100
8134
14030
15422
5544
14248
12818
11552
8650
3200
3043
1444
13571
12037
5384
4226
5963
195
14202
10688
4548
4509
4517
15020
8146
10927
6683
15629
12206
13094
904
6737
8818
6070
1005
399
10443
2890
8141
10144
10063
12448
14583
742
9020
13827
1733
11887
5219
1781
2294
812
14270
8047
7426
1863
1924
2559
704
14153
14782
681
13655
7469
13132
11723
9055
12151
15263
12266
4626
1260
9012
16086
4118
10999
2012
15105
14985
8022
10850
2841
15374
2786
8566
13580
8317
6193
10101
2686
3157
1798
4890
12141
6124
12431
7977
15500
15271
46
5483
11085
14653
16310
6868
3325
8631
13753
2331
1179
12638
4116
9629
918
4165
15643
8285
13072
14666
5604
3735
11120
7130
15517
7476
11061
10981
13534
7103
9144
11203
1463
1136
4127
11241
5099
9220
11294
2381
2538
15757
15610
15250
15895
2704
13535
1250
10387
14326
10031
3116
13757
15573
13865
10920
773
6033
10395
13721
13710
7697
8972
15594
6568
713
11337
315
11496
11638
6490
4067
6676
10512
4904
2273
13111
8507
15786
6591
8559
14818
9166
13806
8059
14462
9798
10723
11234
10052
10317
11178
12019
166
3623
13103
6359
1274
10762
9567
14645
796
4719
13206
10820
3981
10229
14264
6384
15394
1296
1420
6286
14268
2038
10895
2557
11222
187
9602
14016
303
6942
9429
13815
4103
9116
15407
6011
5279
7049
13927
1492
12131
11645
8271
5665
15859
5154
12988
3274
14888
9353
1881
5991
5301
14042
2117
3880
12262
721
823
4192
390
12788
14842
2120
3287
8574
7207
10942
4458
6393
4237
14508
2574
9378
9586
13878
7486
4715
8005
11376
8657
2017
10098
15016
2189
205
3386
11123
7716
3387
2326
392
4946
15779
14452
164
1868
4074
6194
1548
3296
4162
8736
15068
15857
2421
7992
1623
6807
11628
7982
3222
6469
2924
11988
3555
3113
11830
4244
8694
7165
7560
8413
9950
7710
7518
6618
9987
1533
14942
7073
5312
7349
12290
12659
9324
5460
6682
13509
14280
7260
4444
8649
1219
8370
10594
12831
12678
15108
13115
14944
10394
13122
11938
13505
9333
2191
8169
10343
1063
5285
6882
739
7316
9271
13389
6765
4288
6542
11109
3228
7080
7743
11347
15384
6762
15181
10202
2742
8794
2712
1961
9159
6076
3713
3111
10335
3471
3017
13972
14821
10402
9336
14465
7452
8627
3364
584
8496
623
12375
15471
7020
3933
7757
13392
5538
7409
6216
3738
14130
6211
11460
5261
15417
15073
8082
562
6232
4619
9315
7116
11408
10911
12685
13905
7201
14049
13706
9789
12147
5336
11096
8013
1316
15121
9138
13764
4958
1523
6210
15219
7450
12985
4555
6390
12592
5754
14057
816
13351
3962
9274
7855
14781
11667
11536
4634
10318
2750
12366
9585
2325
6040
16096
1937
7251
12264
6280
10379
3309
15293
7479
12883
13886
11876
1739
6368
8965
6347
14919
1114
16347
1422
11333
14949
3433
712
2769
11450
15012
6269
5567
2879
7434
15933
12501
13216
5693
8907
2515
11918
2035
3293
6209
4013
10200
10611
6827
11359
13805
10188
7926
7315
1754
894
2112
2647
9599
8995
8730
11209
14684
5587
6660
9541
11310
15082
3435
7496
11303
4813
14622
8491
6523
15305
2562
5830
2646
8247
8917
7641
723
8043
135
4384
6550
288
12958
12785
7890
640
3418
11795
13831
4449
7601
11500
243
9437
1165
10049
6855
2796
8412
13838
6624
8181
13488
9817
3197
13208
1783
6731
2643
12559
7791
15324
4010
1515
14282
10822
14039
14151
1882
13968
11039
2594
13047
15322
2923
10391
1821
8437
3095
6338
1490
7754
8033
1662
12717
10832
4542
12039
11108
2650
3629
5615
1547
9348
15665
13513
13480
12414
5797
12015
9370
8364
5928
10898
13870
2497
2504
2642
15512
6095
1060
15160
1665
3955
16042
14596
14344
6162
12687
9224
8796
8098
10735
12987
14858
13948
4985
3610
9518
15842
12358
6533
6916
6339
3230
5670
10943
74
10021
82
1778
11381
7617
10637
6583
10478
8695
15197
10540
10808
1511
7385
1080
9750
11393
11648
7932
926
13722
15893
2909
5772
14071
8814
13992
12305
11781
13688
13712
7580
16076
2993
12734
11617
15873
8333
4869
13381
14365
6122
12078
1564
10398
3373
10350
5490
934
11817
11398
1577
5807
12412
12265
12051
7028
6287
4853
1289
11746
2006
3277
2081
2549
13143
13749
13203
10755
334
4587
5572
15409
10974
9885
3182
1350
200
4308
7809
5846
4261
5877
12038
849
14154
1349
103
6150
5889
7626
15989
6498
8569
4267
10614
4030
7550
8698
1171
12709
9574
5002
11986
15676
25
1999
12872
256
3889
14168
15053
11759
2010
2846
6884
6878
11081
2052
1578
4153
13615
11727
13989
4294
6253
14470
630
10174
6160
6874
1884
15532
6802
4340
12246
13960
13554
8667
2329
6854
583
10936
11791
547
536
3141
8690
13576
2179
2028
8671
3690
2130
12096
9969
5934
369
12150
5167
3505
14732
12199
432
1416
13690
4841
11029
6856
8278
11595
13045
9818
8187
7839
458
9469
7330
10884
2032
4880
15664
587
12928
11529
5579
8466
756
2898
7052
6796
4259
4278
12363
1897
10319
8866
1939
9288
16319
2415
9751
8185
7394
7567
15301
8124
11353
7748
11185
3330
13887
9289
3155
11057
12190
14834
7682
8107
2925
11195
10788
14885
14139
8941
14221
7644
3908
14244
5565
9410
12242
8713
1718
12715
11660
12159
9077
13093
5217
15386
13584
8423
870
7248
14032
13101
539
12641
8363
957
8977
2735
7510
328
2447
7465
13844
11570
5020
6077
7930
715
8046
5642
8950
12392
1892
10831
4628
4780
4348
11987
4200
11827
4439
2885
15588
13638
11065
15658
5985
136
14246
62
2570
2317
14836
15867
8832
5904
13785
7035
13419
6775
14335
13239
1285
5246
788
13478
5191
7423
10175
8911
6862
11933
10429
4229
10414
6787
2229
13804
1137
6114
15491
273
1525
5908
15687
11257
4354
5951
2157
9140
9407
1635
10575
4698
14899
168
5667
43
15180
14267
9592
6500
1047
4911
10295
5283
5026
10124
11564
2437
9178
12794
6240
8371
8842
1919
34
6173
1208
295
10740
4748
740
9991
15990
14408
9539
2541
9530
7816
14253
11787
12726
9081
14676
12436
11528
11307
5067
5540
12630
16184
2799
4427
9417
10954
10218
12627
11858
1453
9565
14160
11716
14150
15030
3374
2661
12371
13825
7523
13651
15245
199
4537
3158
9049
15925
6889
6472
8724
11851
11837
6270
13056
11430
5941
9952
7105
9473
10875
10511
13628
10225
13293
9124
11451
9183
2023
3557
3999
8820
6005
12200
15168
9564
9479
13933
1225
11902
14386
13058
12585
12776
12764
6635
4950
6823
10754
3896
1392
9112
9217
12984
8439
10978
8687
5250
12321
14714
5399
14983
12080
13604
1542
1397
11655
5723
12884
14692
14879
9981
10392
7268
10990
1586
14767
12438
4263
248
15899
12002
3107
13257
5927
928
1240
13816
7677
6257
3856
15797
12396
13926
4317
15365
15052
1890
2424
15679
14798
8640
15908
5165
7435
981
15010
4811
3715
12634
7783
9992
16135
16374
15870
12554
15213
11905
13043
11105
3282
12525
5373
3053
13234
15578
1468
14814
7285
8745
9507
2641
2495
8498
15383
5664
2300
11328
11080
3395
16174
8375
5793
955
10926
14738
9189
13024
14332
14185
4454
634
5327
8570
12055
114
8970
6233
1146
9046
14450
4137
5248
4484
1921
2150
8424
11581
7243
16068
13885
12894
13946
594
4644
14083
7898
12005
11687
1967
861
11114
8021
2398
7437
7579
12938
2122
5466
3266
12276
15828
7651
2292
5173
7202
1580
15836
8987
15288
15648
7807
5906
15626
5696
2108
8830
14693
10722
12700
207
3036
4239
5507
11367
9774
11829
5585
9240
3605
2102
12178
2893
15313
9918
15325
12274
8881
1906
10019
9467
8242
13966
12597
2149
9542
6594
10023
5264
10111
1302
8476
14870
6722
16103
7583
4913
12909
2365
10384
8869
6665
8118
1702
15740
142
10806
7706
1894
6626
4471
2022
8787
724
1736
11056
11181
4861
1138
652
9779
15427
11403
12489
7418
13364
7863
6424
9578
8576
7179
1216
11267
3321
12260
9681
6205
3538
10072
14064
1712
11845
305
3616
11916
12720
10646
8580
6769
8526
2931
479
5446
4735
14938
14198
15988
14934
16301
7980
14385
15991
9742
2991
14370
6022
5773
13693
15455
7857
12135
14423
10147
7614
5447
10400
5915
10618
7019
1603
10581
2237
3227
2888
5521
9056
5827
10518
5252
1197
13533
3126
4758
11364
14561
4032
15726
15395
10472
16158
6246
14843
14668
5242
3818
7753
8232
12252
5558
13871
5702
16297
565
14437
11087
13751
4767
11454
6638
14913
12706
1856
3698
937
4647
7867
12550
12649
4681
444
15034
14382
8483
10305
10742
6607
10367
11922
2090
7122
11390
15162
1131
3842
8339
2638
1246
160
1520
5554
12181
1810
1037
5824
7660
938
1888
12723
14170
11166
568
10373
11112
11541
1852
1644
14815
833
4966
13319
9231
1379
11324
15103
12418
12481
9820
16122
2943
1521
11545
4376
11516
915
3057
8054
14526
10000
15340
15393
9660
13736
15369
10599
6325
13677
11620
15355
6166
6453
5707
3294
12828
9025
9836
7525
5100
601
16084
14000
11989
2253
12896
5406
7021
16378
5187
4277
3130
9251
8336
7198
7987
8543
8231
15672
5713
16146
4432
7819
15486
3046
722
1001
4049
83
10329
3679
13969
11719
6543
4864
12772
14779
14193
11794
10644
1558
3145
4674
12284
8391
11524
10366
8821
7515
10924
1116
14574
10165
3115
13673
52
11253
2532
11998
10758
3686
2388
13346
1207
12268
961
11129
6790
5420
14841
9191
10982
1711
10079
7472
1735
8764
12914
8990
6091
15556
4999
3788
13993
13436
2635
11833
7806
13518
3635
16217
8267
9713
8262
4854
6831
13298
12069
175
13511
8648
13803
16235
9155
11578
16269
1283
8968
1809
14920
6707
2156
8335
12267
9540
9604
7767
3854
1858
4909
12749
7275
12530
7566
15948
14587
13902
11927
614
3681
7773
3079
1994
14908
1923
15938
7016
6444
9597
7994
1184
10077
15966
6600
12040
5328
1823
2772
8782
6832
10385
12694
10616
403
6419
10308
13281
6881
9757
10438
7204
11964
15635
4662
13610
11358
14791
9782
8135
7069
478
12161
10025
302
13532
14717
1120
10766
416
16298
15091
5661
4112
14595
7006
851
15191
1241
8193
9624
8401
13822
9764
7739
14376
13737
14466
10046
3645
2134
5880
774
9466
13416
12813
15408
10299
1648
3345
14625
4371
11169
1544
9776
1459
1749
517
10490
14765
16325
10448
7984
261
1797
741
1407
6904
9804
14742
9943
9912
10458
729
9945
13095
6767
397
7147
15654
4650
14833
10987
3242
9649
6062
667
6929
13338
9500
9891
12148
6917
5959
1742
7014
3377
213
15049
10561
14002
9442
14691
5586
14953
4829
2685
1555
12066
5129
9098
2748
14805
8311
8867
4332
13096
3562
13270
9305
11546
9085
8788
9747
6849
12072
9249
10847
2095
1432
8064
8610
9197
12777
3944
9734
354
8447
3385
9594
6614
3005
14604
14323
7928
4442
14627
8877
2282
1706
11066
2324
8527
11604
14276
6869
7098
16016
11345
8982
4176
9464
13746
15667
3169
11692
8329
2701
4906
3783
3431
15701
4035
2637
5200
14715
14902
5986
13674
13306
1643
1244
11230
8380
14438
7844
8552
9003
2961
11013
11134
16070
10629
980
7856
2710
13010
1252
10513
3972
8765
13772
827
11530
2407
6228
13134
3077
14655
4296
1804
13297
14889
5350
9889
7686
15677
3298
2645
3626
5445
13432
12543
1835
13695
352
9034
10017
16291
11921
14106
9890
5432
10698
2813
6895
14233
10564
9481
15205
708
16258
8029
745
11651
7506
12897
5480
2983
14100
14147
2252
11314
215
15074
1456
7304
15465
14832
5072
8921
9686
15595
1922
9775
14140
8700
404
9302
15631
1805
5227
15969
15405
10266
10537
8678
3023
8833
13131
12123
1720
7099
12880
12224
5085
8243
2691
3441
9988
945
9627
3588
3942
9297
14502
10241
9903
13067
15533
16232
10146
11521
9280
5563
11509
4328
5536
12763
12528
1654
8296
3088
5957
7675
58
16069
2151
4388
15119
8436
13021
13868
16265
6342
8746
2902
8071
16302
9689
1220
11542
2283
1288
11028
8900
10961
8308
1491
5103
1061
1945
15115
14218
3872
13599
13460
8178
6197
12421
6199
11797
8658
12655
10957
9714
8041
12031
13727
1475
14298
4091
3795
3711
3493
14673
8937
2606
12491
12999
13613
2250
13053
6674
3201
14931
4898
5896
5672
6117
15418
973
5128
16204
14688
4081
15402
14906
14196
6030
3217
13178
12949
8305
9900
8104
11433
14245
2829
6538
12483
780
7530
15233
6148
12367
6684
7732
1366
10361
10568
9523
5616
1049
16364
11663
5443
11932
9250
14928
9927
10772
12620
14982
14076
14514
6958
9150
7466
9632
10437
12845
6439
3775
8464
16384
2436
7142
7413
8654
11247
8564
4023
6156
4115
13522
4480
1185
7163
14623
11710
11877
12677
6656
12257
10633
318
7088
15201
12756
2197
11606
15513
11445
5041
15551
11399
4175
8624
10684
12255
4219
10591
8614
10259
9328
15632
14642
10572
12193
516
10489
6243
293
8659
4302
10354
12748
15376
1364
9962
12855
4135
12299
6966
4230
12514
14681
10466
11785
10485
2362
12429
12531
4847
12130
13859
1539
924
13457
14391
11278
5392
2964
9722
2235
6362
16062
11196
10386
2560
13054
11527
9104
2959
11789
16178
11444
7271
5686
7224
8286
16312
3609
12647
1384
8358
14087
6319
4477
12508
7907
26
15694
3404
7591
11765
14308
14803
8591
9335
9075
6399
12555
10211
1321
16273
9167
5912
12738
11248
5212
15282
3304
15847
14806
10286
4041
2106
13373
4593
14700
12339
7699
153
8811
1275
1301
8540
462
9901
14509
12863
13455
3236
1562
689
1335
9451
12578
5623
11526
2853
13382
9625
7375
8452
2461
7851
6639
5230
9158
11092
2450
3498
10076
15949
9416
13437
4781
14478
16059
15822
13856
13521
5825
6108
11069
9906
4434
8042
13070
2209
3808
3188
10645
13320
7541
14950
15582
14024
6678
13268
13775
230
10312
1670
8632
12452
511
13500
1951
6264
1600
2737
11168
1970
3301
15235
14601
14881
9869
286
4093
2165
16106
8831
3340
621
388
5856
8904
15193
5758
13282
11301
570
3779
12877
3541
15699
13336
2845
11104
11088
7494
2109
1891
1158
12819
6503
11880
12857
1051
10728
9204
5382
751
16009
13429
12809
8594
10433
5197
9276
714
9810
11747
7923
6937
11506
11480
14094
10566
13752
210
513
14868
1439
8170
10887
6794
12758
10967
7944
7771
15231
3463
15341
13994
7474
2163
3407
15441
14238
566
10510
1813
13378
14518
2639
10950
8114
13908
4185
9201
15792
218
10062
5235
9619
291
9573
12245
12497
13190
4065
13475
1566
13135
15480
3008
4316
13418
16264
9478
8184
10571
6532
7587
15451
9369
4684
15953
8988
15821
10327
9730
9737
13643
11036
10923
1983
627
14636
6867
7756
1
15397
9299
12701
275
7244
3759
15440
14569
9595
4216
12579
8143
11819
7086
1872
14835
8533
4824
12216
8399
9851
13276
12956
6078
8953
1074
4363
3742
561
14355
13981
10143
1567
468
6785
6187
4369
8457
14649
5358
2738
13679
9486
11339
12927
8675
10431
1294
4051
10839
6711
16371
10546
12492
2849
125
5812
3865
14099
9371
11453
2254
4408
6661
3935
2514
3099
64
4750
13709
15273
13964
14453
11753
15400
923
10498
6128
7985
14793
11757
16089
11378
10446
2861
11197
2920
3992
2636
13780
4803
12500
9858
9273
2113
10197
13328
6809
5738
6648
9638
2967
16266
1073
10138
6183
921
15475
6301
14624
14860
14719
15300
9363
7357
822
956
1614
14190
2491
5249
8939
4467
9447
15274
9347
2479
14535
13108
15457
13061
13464
6994
716
4414
14356
4641
14061
9076
1117
1617
7832
10836
12731
5717
11441
5820
8896
15151
1929
9895
14107
2569
871
16215
705
297
4630
2341
3461
15001
9974
204
8284
3080
3580
4914
14243
1501
9422
6686
10579
7881
8434
9366
9209
11642
4696
15709
4925
6672
12484
298
10090
13179
14174
15316
1167
11362
10034
3216
4305
13813
15896
272
260
12975
9963
9844
13601
12796
15468
146
15540
13588
8376
6840
12852
1656
10024
14313
6082
9101
6820
15107
337
11484
11968
15620
2934
14521
14490
13680
15920
14295
15868
2013
2507
2002
7873
9719
636
14599
14279
13779
2679
130
15370
3406
9551
2274
885
1713
15876
2459
11481
12143
6320
2857
14665
4498
3895
15642
9566
11760
13000
6367
13259
11440
10674
9856
9759
3534
12976
4470
7731
3830
14493
5981
14067
508
6284
5297
11675
3676
893
3590
8542
1330
703
2328
10360
3238
15140
8137
3536
3553
6952
11936
14250
12618
4703
5628
14571
12569
14713
13006
15040
6967
7538
4111
11421
4759
1549
9883
12575
989
9596
6793
15622
15438
8402
1045
7502
12509
7513
8282
15743
13466
9222
12584
4700
628
8448
10323
15606
9718
2975
9494
14161
4415
3012
909
6961
15851
9015
13369
7957
283
8361
1030
5966
13340
10428
12271
10668
8097
13345
526
14290
4496
2688
7577
16044
14789
6860
9514
15680
8015
10330
3949
14303
15600
11229
10050
6155
7685
7403
4351
6176
7649
14547
10529
6735
13454
8743
4736
10432
5484
8367
14768
13607
4491
475
11425
4433
23
14479
4188
1370
1168
15888
11047
5308
6085
3347
5871
4658
5423
13246
3172
3394
10569
10069
6657
9682
6416
15132
5992
8063
1282
7057
10843
3425
2974
5260
3663
810
7961
10797
910
11422
808
14096
3911
14988
14542
12674
59
11413
6382
5119
11580
2901
2617
10184
4149
8686
13180
7719
14759
10183
14935
10254
2743
11465
10796
8855
10480
7387
4196
6426
12983
4213
4980
12768
11875
11592
5944
15054
11117
14856
16011
1389
538
196
8556
5439
4209
5782
14133
15071
12315
919
3253
8435
10193
8429
11769
10117
11788
36
13778
4361
4095
8773
9508
6202
5107
13713
11597
1535
2082
13587
14281
1920
10856
15923
16156
9188
5104
110
9210
156
6941
9696
14847
13759
8086
11639
4540
15002
9330
14128
13898
529
9524
10145
8095
12534
10201
13829
12280
7860
10383
8123
8197
15812
710
14445
8265
2494
9833
15230
13824
3571
6507
12854
9331
7411
8706
9787
3733
10501
4892
16328
12823
8693
12571
719
8406
6627
11892
13472
6086
12991
12251
382
165
7384
1773
2044
12546
12971
1445
1020
14589
5590
9609
10260
8407
13923
13492
3530
15033
3168
8138
5678
10499
8366
11717
9105
11414
14406
9362
14457
13404
14848
9785
9801
2449
6888
15146
2927
1650
15774
12172
15964
7091
13999
2162
772
2063
6220
3041
13789
7405
12325
16192
5968
3683
14706
69
12676
14669
7153
5930
13023
9855
13760
10096
9948
3322
10940
6628
13426
9588
15565
7605
7524
3869
14075
2080
8861
4142
7668
4928
3548
14269
1434
2025
10993
13922
3667
8411
16049
11489
11855
14562
11003
9754
9687
16090
7023
15801
5952
9850
5323
11174
10108
14432
14618
5760
4005
15410
2423
6996
7184
13292
1725
2957
10120
15080
1943
8872
16373
4290
7420
6950
12827
7741
3957
8291
12822
11255
14705
5058
8822
15063
12034
6845
6756
12979
11983
4113
15840
5637
3068
11075
5564
15780
14897
14173
11867
15027
10047
11821
5500
12680
13104
9311
11435
12997
7919
5485
14145
9103
15148
10474
7383
581
12820
408
16271
9010
11015
6191
6926
13828
13090
15553
14584
15885
13499
7247
11487
14182
11443
645
13568
10463
12291
8915
3789
7818
9480
12519
9395
13278
8066
12442
6985
12824
5177
1084
11945
7018
13222
1978
9694
1524
3391
11699
11636
10708
4181
15150
9841
2107
7672
11077
3001
8132
14015
16067
16052
14632
685
2804
11336
8715
11925
6250
3710
2700
11002
7404
12750
12486
9558
3625
9256
8834
15334
12428
154
11237
7461
14066
2114
10744
6708
1474
3578
274
4934
2167
2826
12277
9652
14215
9443
4569
4465
12012
14362
11483
2093
2788
2291
13526
442
9805
14809
4709
12965
13799
5923
9997
3982
11745
1058
10435
9795
7113
14602
12272
11485
10870
8665
11693
6758
11162
13743
13704
2644
6905
12746
6510
15703
1390
4760
7210
1950
12379
11805
10340
7688
2244
1503
4000
323
3016
13708
4533
13644
2817
9314
6421
5202
1230
2065
10300
15547
5764
6461
14048
5459
10650
466
11658
3102
7845
14110
14739
3133
14580
12180
3600
9454
15963
11164
16233
16045
3390
15257
9041
9825
6706
4324
14179
14159
4952
3437
4451
13082
8714
1269
12236
9321
16177
12978
8531
15748
3059
10588
10798
9510
1824
13155
4895
38
15834
5689
7997
11277
10667
9045
5557
6939
8384
838
16055
12470
8504
4584
13219
14232
7094
8183
9392
9438
4401
15147
9229
4761
2628
7481
9839
10234
6061
4535
6733
8216
14777
10453
3271
14294
1312
2969
143
12340
12742
14752
5185
901
1531
6569
9865
5233
14258
12639
10233
15861
10230
5438
7638
2199
660
11373
8843
16060
13195
8880
8942
8
6324
8589
15470
14348
13283
1496
8551
6308
7352
10805
10328
14455
4382
6332
11777
12604
14443
13782
7253
6619
5096
2581
10654
1054
15892
9811
5671
4764
10336
8288
10064
9915
10892
9976
14148
16365
10826
4132
4670
11734
12297
14241
13172
15554
484
9678
8209
6493
6901
10970
6539
10846
1977
12990
2382
4856
16352
13572
2732
4944
6045
13433
4343
42
12035
14392
3020
10641
7368
7447
595
3862
15349
5821
1077
10341
9695
12691
6617
11135
10947
10464
9014
9186
10921
8034
15818
4654
11942
9752
2200
14113
11394
10324
15477
11568
12761
892
3592
12549
3906
11573
12243
14005
15188
15718
10878
14790
2077
13646
15346
10687
8554
8152
11885
3039
15241
12915
9633
10821
2316
15388
6887
11321
4848
2740
2321
7954
8263
3964
4528
11685
4926
13544
11600
1707
14630
96
11901
5333
10404
767
7235
2247
3837
13988
4852
4110
5214
8898
11031
8735
11711
3082
15506
13791
5663
7526
9941
13033
5203
3209
1442
14943
10456
2160
11836
3218
6018
4886
11705
9239
424
10353
5611
2800
4018
5497
10406
14872
13149
510
16115
841
8510
15044
6597
9780
15129
375
11448
10549
11780
14090
13549
3150
7724
16088
5911
7761
1245
7111
828
3428
12167
401
14492
7613
2470
13218
9320
10067
11560
14807
3706
7239
4347
3393
7273
12307
4325
12765
15456
13323
6303
2243
12553
7747
9537
4901
10264
11152
6336
3069
11792
2104
10964
10881
2972
13724
3748
6494
11127
1762
1149
10725
5188
4304
11612
192
14986
10376
1498
6294
10738
10935
14352
11231
13361
8215
12073
632
14570
16123
13642
644
12157
2492
15662
16285
12564
3765
5318
2334
1009
14572
15598
4100
15852
9157
11904
7848
887
10086
6024
15973
14403
222
15328
5366
8750
13084
12230
5292
14041
13359
4518
8287
7033
12916
12106
11068
9074
251
10231
15008
7185
14952
9195
3726
13299
7378
10126
3833
412
2723
9921
4991
12397
12185
16139
12829
16171
1747
728
14178
10915
3337
15056
9039
12942
986
340
11653
15502
12244
6709
9986
10015
2537
835
7774
7775
3311
2623
683
16306
15198
13537
14517
15413
1509
12432
16253
6730
4368
16015
3006
5418
3303
12162
9829
14865
15350
8241
11739
1458
500
6920
15449
385
14577
13888
12906
2222
10628
2790
14029
1076
16164
10310
14760
12482
7398
13402
2040
6483
783
7327
367
8351
11063
3256
15114
15946
11118
971
13742
12591
486
14564
14549
6914
15240
896
10632
13092
4661
4775
4403
5311
11731
1748
5813
254
12662
16093
15204
3089
11228
4080
10503
5855
10638
14826
6009
3195
5891
11962
4478
5452
3692
12133
10362
3299
5699
14263
10441
15092
11605
7820
2438
6875
6724
16345
1874
14638
9461
1963
15329
4206
11966
15614
2262
5656
16079
7503
13552
8887
2910
5394
13641
6296
4309
12063
15921
7376
15312
16282
1993
9781
7667
1871
3695
2482
6562
12929
246
16239
15090
5996
6039
15176
188
118
14923
7908
9403
8945
13950
2221
12444
13687
10760
2785
12924
15970
3887
14262
14802
2255
7790
5887
1368
9359
15423
7695
4084
4248
3490
10061
840
13622
9265
11214
16134
3405
7121
11271
15218
13028
7592
10716
5144
12960
3090
5160
6631
10824
11890
8203
3229
14287
5522
1000
4271
10508
11593
11009
7125
406
325
14971
1477
14402
7870
13977
14795
14257
11863
15200
3565
10817
10794
1319
3984
1815
8539
4225
14440
6613
988
5583
13656
3323
13363
3533
7499
3014
1052
13362
13996
10631
2241
10369
7302
502
15454
15258
12711
7220
802
14458
12229
13739
3444
5553
10748
12394
14175
7537
12345
10720
1399
4789
4011
2131
5728
8703
13847
12111
3350
13850
14240
3450
9202
1278
2284
13335
1772
19
14277
1571
16039
3476
9356
12833
4096
14855
532
3801
5920
5060
13271
15583
7968
15671
12169
9415
10966
5284
6222
170
1807
12301
11021
8852
4711
11895
10584
3479
1243
13185
6403
2895
9196
76
545
13027
8741
7822
7205
14709
7492
7297
10526
4214
15645
11400
6015
1601
10268
14538
16141
15088
8024
7829
8732
13734
9141
575
11052
10127
515
4791
2787
172
7041
1822
14341
3474
8905
5691
8325
9009
11862
10053
7859
9852
8275
5048
6636
3736
48
13654
12851
14766
1876
11599
6225
7276
16249
8303
4552
11213
4897
7406
5630
12629
8952
11060
1012
16098
11816
1427
14274
3832
4559
14678
4519
227
9814
14755
3522
14679
4007
10210
14011
11790
5837
380
12601
607
5515
12171
8784
666
15286
12254
12435
13445
5703
12714
14682
14448
3076
13564
2835
13545
10215
7531
2536
8182
9584
3564
16287
6139
15009
8577
12515
7236
3240
12551
2989
15302
6511
7804
10439
10736
13030
2906
1299
426
9917
1081
4025
15081
11761
14963
16368
8666
10169
8352
7100
266
6151
9344
3409
6182
2552
8246
5883
9961
8875
2803
2680
3961
3594
6650
6555
2852
3344
8403
2956
10787
9277
3812
12090
2110
10853
15761
10651
4431
4426
2296
1516
14924
16290
3595
8019
13762
10696
7713
10042
15539
8600
14886
14117
13288
3668
10461
2389
8283
10104
44
6896
10303
2233
9655
13210
2745
14299
12095
13159
10905
15087
16353
15803
2506
15866
14754
10671
11976
2403
12292
6084
14104
8270
14930
11618
1655
16033
12795
13002
16116
7206
3427
15000
324
9587
8155
7597
15167
13699
10598
15358
9736
12122
1985
11323
10972
14726
8387
4495
12769
9059
12128
13797
15268
1371
15721
10840
177
9106
13064
8800
1777
7131
15038
9083
10081
11132
10992
2997
3598
15732
6496
8961
11142
9154
9777
1125
10801
12401
1218
844
6688
9161
12400
2823
15624
14177
5979
7171
576
5714
11768
14626
11280
9812
14611
5434
1186
2177
10018
12846
10675
1018
13009
14079
2132
2481
12058
12974
5768
101
9908
13941
12743
1728
1148
14891
2834
14184
5240
4073
13912
3585
10691
6167
6471
603
3904
14296
8341
11037
6766
4344
5640
5595
16294
2215
878
1264
15385
7242
11615
6292
3297
16169
15208
7115
47
8856
6844
7963
8550
1248
8618
12357
4337
14217
6956
10265
15640
10085
10665
10574
13105
9985
10203
13726
12887
4556
943
11899
10032
11289
1731
2659
15518
1237
9875
10586
15914
13891
11377
410
13661
10449
11369
3454
8478
3912
10849
11691
11189
4160
1836
9291
4492
8892
9794
1290
3890
6768
2198
14875
1788
14556
15685
3826
15968
5068
7557
1255
4676
11300
7847
6783
2206
13324
6558
14606
13228
5519
13289
9194
754
7903
4171
867
8893
15596
14686
16136
11944
9520
11688
181
14413
61
7896
8304
2475
2543
7292
8517
6585
13731
15227
10320
6971
15433
2774
9285
15295
9327
5341
9354
4021
5273
13165
3905
351
15122
6116
11348
5527
2103
14553
5954
9401
997
13129
3096
15179
8409
11472
6307
6188
9867
8237
13755
1039
9050
1527
2397
14918
9086
15467
1594
10859
14431
10132
7539
13329
12298
13285
5588
14219
10142
2029
7704
14546
14149
14311
12089
11907
13091
5762
11279
15545
15913
5709
9064
13811
11601
183
13943
14112
11491
6217
9385
5545
15356
13069
40
13543
1110
11810
3659
1658
6666
13945
343
15493
1854
7032
4797
11897
1154
10359
7370
11610
6907
10092
14211
13062
8903
14671
2632
10261
16206
1508
4523
11098
16083
9234
3583
8025
11736
1035
14359
3313
4974
2281
15272
1855
8052
3367
10660
1896
3338
2175
10235
10430
2269
12088
7733
11256
12917
3654
14393
8709
16142
1298
9515
11946
14398
5903
8461
1729
12154
3305
13740
13756
11194
8701
14519
4199
8018
2873
9525
1293
12109
3974
5875
15738
6311
8645
11732
6263
14137
11832
9788
4916
6427
13490
217
12607
5753
15276
7581
3085
7011
14347
9790
5317
13037
6103
4610
7603
12036
6400
11519
4953
15601
3249
7030
14724
8878
1791
7296
2364
13970
8250
4727
11493
15315
11629
5369
12755
6649
3447
14593
4436
9720
2820
3518
8503
3527
8427
13137
14078
12346
9843
676
14366
15344
14224
8451
11320
680
4808
8446
1163
11090
12385
6429
8767
124
11054
9563
8768
8943
8756
5136
14157
1522
14737
14255
1112
9628
4738
3894
13937
6876
6000
7671
14831
6174
14499
920
631
15077
13330
10368
16109
3383
1268
9199
16369
7973
11997
12911
12086
6267
1862
1441
7817
9807
2183
4268
5478
3063
374
12270
6817
505
8812
12087
9498
15741
6563
2051
15366
12014
16150
161
7943
12137
14068
13390
9821
15424
15126
6196
3641
6208
14984
15887
8293
5922
4822
6436
1774
15317
6825
15158
11244
3644
4845
11071
5332
637
12404
14652
9339
6892
7780
13991
13619
13843
14331
11004
5471
7642
10763
8142
4782
8590
13393
2621
11239
15831
14487
2940
6732
5511
2089
7314
10998
4721
12118
13670
4352
766
4740
10868
7549
12774
6680
12228
14146
20
13098
11503
7408
15758
471
7068
4975
15930
12473
3956
13493
2169
5495
1704
781
8443
4557
4912
1582
5228
11793
10551
7212
3823
15589
7702
15674
617
5106
4706
15371
5376
13896
9091
12740
15650
427
12390
13252
11906
2832
6238
10731
3879
15264
14890
12354
5886
8274
13921
16030
13080
3998
12121
5660
4139
11943
13310
13118
13199
9640
12686
10087
15377
15912
15220
9292
12013
14459
14115
9859
13884
6433
3913
2781
7470
16208
4564
8707
9659
11076
14977
9763
3612
12939
13786
15958
12793
7281
14129
14315
5163
8684
2154
836
4943
14965
12861
6716
2265
13079
14663
8037
10672
4062
9738
13774
13294
7066
1913
1213
9487
12499
2054
15156
73
1447
6181
959
1693
12311
12498
2049
4243
5024
13474
12197
67
15907
11898
1793
3810
10080
9753
11572
1519
9887
12433
5599
12355
10657
7301
3248
14421
1949
7326
6999
5651
454
12698
8353
1776
10589
4189
2289
10191
15018
15242
11587
6
707
13835
13225
15064
6721
5087
11504
11598
13452
13077
3356
5767
11967
3740
6645
9233
2320
2579
7899
13652
13798
3792
2312
11275
2185
7970
1133
2387
12237
5965
11517
4900
5853
10613
7109
3824
4396
4773
4965
5874
3712
14729
2736
13453
10459
5032
6158
12838
13036
5939
2875
12422
3468
13777
12065
11840
2033
3545
4986
2797
7459
179
13629
646
12728
10
16259
13044
9023
13309
8683
2231
1530
10583
12657
15548
7934
6513
7178
12239
14434
13141
15504
15419
8611
11681
6229
7945
1430
14123
9728
15747
16032
16048
7428
12409
3073
14747
3037
1383
3983
589
4500
15619
998
4969
15869
14753
12043
6742
8847
4685
1355
15552
4924
2971
3038
9462
1164
10447
9800
15538
7386
1075
2627
2245
5770
3307
8926
10977
7422
10577
4256
11116
4060
11361
9662
7372
14548
4082
13291
7805
8453
7871
8960
2220
14288
5559
14770
1550
14316
4430
16014
14850
11786
7396
14505
4046
10009
5176
10634
3440
11254
9033
2810
1653
7666
10282
12155
13925
15931
13495
1353
8523
10407
1155
16200
9373
5627
7443
15236
11579
15773
9990
4466
10044
13562
11718
1396
509
5988
5034
5375
7830
14827
14727
5994
7635
2186
15695
2830
15706
14464
10291
4404
3996
14486
1234
13260
6865
16346
13229
7623
4561
1678
769
13496
4611
5893
1300
244
8320
3358
6963
3208
498
13160
13003
14491
15971
5594
9519
5019
6405
15704
737
16182
12692
10562
11447
14207
12679
1291
2453
4155
14375
4602
13769
16078
1484
2674
5199
4830
868
9834
7828
12539
12474
284
3909
670
2624
7629
2466
3368
2345
9391
15229
3081
8963
12835
14321
7058
11479
15352
11380
11170
8888
14893
12112
86
11429
13443
1176
10339
10331
8606
216
16195
13016
14948
3943
11459
6695
13413
4701
11313
3123
13501
15259
2611
8065
784
12337
13469
2633
9840
2631
4622
1686
6137
3300
1661
7511
9724
12223
5673
8974
5457
12989
14980
3671
3051
7429
5413
10522
7902
14796
9108
2020
3091
9090
16155
402
16309
5082
13998
8623
12447
4576
1723
7905
3945
10685
11674
15196
13486
15111
16041
7027
12439
15436
11630
11083
6235
10270
10994
6599
4
5322
12386
3684
13498
9048
287
4334
9151
15426
2375
13512
14405
11650
15161
4801
1927
2509
420
10747
7551
14603
15618
12981
12378
15333
12888
1587
2952
12293
14120
3173
2042
16338
14451
6866
6622
10109
1988
13121
7746
10986
6612
8050
12699
13152
14324
4381
9120
1916
13158
421
4787
8851
16234
10287
13586
2474
11119
5748
2615
13725
3845
3464
4327
13479
11571
4817
5950
6870
13004
4777
8836
2757
8639
14550
14581
7348
14763
12232
5865
9621
9488
5015
10298
641
13148
11637
12931
7596
15992
7752
8964
882
8758
2480
7892
11045
8217
7399
2566
15444
6990
4972
12188
12582
9341
15810
9006
4878
159
8978
15844
11074
5321
8891
8727
1584
144
3250
499
15510
5377
2071
7991
14940
11040
2903
8259
10237
8858
11751
556
11431
13585
16064
5741
2333
4747
8003
14648
6254
5062
12538
3042
9286
8620
237
16185
14964
12377
8207
3704
7782
6858
12547
2369
8394
6058
2935
1604
13735
763
6329
3544
12681
4125
4228
12025
1457
13648
10099
3793
1934
699
592
7337
6654
4045
5147
16095
14901
11569
3599
11841
15724
2018
1845
13997
8268
3732
1499
13906
12599
15710
9688
9773
15294
11868
3959
5410
2613
6366
10417
931
3353
16023
11673
12890
12581
846
9568
6327
15858
2963
12415
4604
7924
15944
6337
3261
13031
2739
3737
16128
14996
9673
12977
1354
5116
1056
6068
10083
15889
11971
7395
6586
7650
15630
12799
14256
4099
1734
14608
9095
2947
10185
9263
13265
9808
13872
8895
6797
13446
13156
9979
8947
1918
10105
482
8734
15820
4193
10697
12334
7180
940
664
12044
5858
2589
12046
12780
5848
11808
6504
5299
12227
11379
6423
16370
7655
4066
15714
3255
11754
7770
15562
7842
15778
10879
1860
9381
12562
2412
12781
16248
14840
13881
15083
7237
16318
1086
3105
15759
191
15039
15380
4398
5489
9864
753
15248
7520
5997
12359
2019
10220
12287
884
7264
10600
3575
14880
15076
5189
2188
12621
6277
2988
9125
8923
11175
3851
14460
8172
647
4776
13113
2822
14736
9133
11911
7334
11202
6912
2918
14340
6431
10352
8546
5448
10267
11748
15348
2981
16121
4375
7102
9298
12860
5987
3026
15216
15736
3366
13497
1401
11893
14109
6278
10256
15690
1144
1324
14171
6239
2031
1657
6023
12016
1583
5876
2907
13372
15497
10378
8190
10405
6835
14237
14003
10365
11979
15954
14568
7005
2728
9152
518
1276
12479
11913
11130
4873
3388
3916
14718
11948
1202
5304
11387
3584
7430
2951
5037
11064
9326
16114
9453
8165
9022
6118
10681
16131
2445
12667
6537
14098
7497
10643
1598
12832
4251
13560
3755
10630
12986
5787
2625
1870
8166
12753
16349
14475
1339
3687
157
13705
15541
14
6415
7312
15075
2707
4131
14973
13833
12174
2727
4994
16172
8126
3866
11193
1625
2914
6566
14721
10426
8131
10664
16138
4036
2416
2304
2831
2655
10137
9667
10576
11426
2367
6789
5025
16046
5271
820
3359
5523
11416
11079
3892
13440
8785
3661
1306
6037
14896
5390
14960
9111
4932
14045
16242
11884
10271
8726
12198
2640
7835
14327
12885
13666
7117
5158
2045
5610
6323
8848
15368
66
15509
13916
14844
3985
7460
1201
4653
853
8894
9361
3416
2486
107
3857
6795
12369
9913
5209
522
5319
7318
10891
17
2599
14026
14414
12041
15956
9349
537
488
12211
13517
10212
7154
12331
2945
14201
178
14869
7050
8127
1952
1091
10073
14825
6851
4867
925
13241
6054
15607
3546
1452
14746
4367
15079
14037
3224
10833
4147
10739
622
16354
7889
15522
14513
9886
9040
829
12050
13766
2878
10802
7548
4506
7827
12703
4624
7234
5902
11669
15826
8901
12950
15381
10872
16246
12557
3252
13851
11720
9037
13546
8948
15832
1481
8228
15891
10248
6102
11461
5216
15560
491
3763
5973
15563
14959
983
12253
12947
11482
4377
2950
12261
4269
3278
6842
9589
14374
10035
2894
6909
11176
809
2008
9712
11154
15298
1570
3047
6741
6275
14909
8027
1957
8993
5668
13380
7599
11535
13801
14619
13318
2430
2535
7065
5330
6610
8776
3040
1295
6341
16051
9516
4514
8368
14762
2101
12146
2315
13415
1537
752
2368
3903
2467
8906
3860
14333
1033
6744
14012
3273
14811
3194
14915
9374
12333
5353
1595
16008
15097
13650
4865
10625
9771
13112
14966
14939
14990
4179
2763
11497
12453
14018
5268
3753
10621
1292
3888
9492
1593
14530
6633
4490
606
3317
2751
9972
12496
13177
862
7912
169
11766
193
2619
14417
12862
4485
3446
15543
684
14997
3438
5516
1709
3773
12108
8616
1150
9190
9094
4158
9809
8759
12807
6871
8108
14314
3980
1940
11490
10421
10792
3184
14757
1910
5719
3835
9489
4310
3859
13598
13048
1958
9615
2847
6685
10899
8393
292
9711
309
7250
13055
4335
13348
1443
750
2097
5184
3852
8179
15689
3926
2938
13849
2864
6506
3259
314
6846
14917
2883
7322
5080
5901
4632
1460
1360
4625
10221
15684
12603
13280
5051
3281
16383
1885
4612
12902
11722
6522
10608
12881
10578
6314
16339
13074
15234
14527
10014
353
15255
6456
14483
7311
1279
10724
12156
14291
15972
11250
1669
4571
9770
15983
11215
10356
7762
8130
6271
2999
7022
15007
748
7441
6152
2034
13375
5464
8073
6351
6441
13035
1769
2626
13456
6908
10601
9307
11614
11726
4840
7565
3363
10524
8410
14659
13938
6179
373
8103
8196
6272
3827
8670
6012
9884
8499
13046
13924
1616
14272
8890
4285
6370
7967
4987
2933
8048
6178
11679
16125
5277
551
4037
14878
15430
6818
8408
1608
9994
6544
9129
1124
7137
831
12778
2353
6491
1333
15214
4502
13188
15487
13848
954
11415
3161
4150
3232
10001
10866
5631
14532
15745
5192
11488
10703
9192
7317
8938
16333
2058
3246
3778
4578
9723
1907
15961
10236
12920
7388
12879
6316
8506
5000
13154
9766
1270
11035
4412
8373
8049
10626
11701
4665
1174
9538
5898
294
5705
16207
12903
7044
13408
13253
546
9748
3994
1842
13425
16322
9165
8068
12406
872
14745
322
16205
14504
6995
2731
16213
8128
9470
10289
5811
13401
8081
10944
4022
12952
14176
11236
6386
5326
7696
726
13597
16087
14265
1659
5619
13261
13198
16147
3219
8935
13384
15061
13249
3411
6938
7979
15945
10730
15550
9360
13947
650
15586
2408
8087
6378
16304
14378
3285
8619
9458
7852
201
14197
13214
9122
15360
15320
9675
9579
7181
8382
7240
674
14116
12866
8568
1642
6575
5307
15765
8173
12552
6944
9731
12
3003
14377
1942
16315
15462
7959
1359
2170
5476
2406
908
4055
11609
5105
10552
372
9697
7554
1981
15336
11682
8634
950
14716
15327
4884
13717
7624
2454
2881
8147
14050
6815
7962
95
4664
7056
6248
10918
12221
15472
6826
9729
9146
162
6933
571
6829
16240
2673
1637
1915
8395
1309
2404
1227
13875
10148
15281
12521
1867
1982
5727
15361
7564
6728
4221
15159
7553
5510
6604
2224
1660
15247
14845
11802
2360
578
8980
6028
6780
14214
9398
12867
11137
11961
14463
15277
15974
12021
725
5193
15431
9065
13238
14936
15070
830
2392
1971
12342
12214
7462
10371
10102
2234
9684
8369
5454
3762
15947
5854
1404
4358
2802
12107
12176
4603
14114
2379
5625
8699
3882
8386
12052
11823
13893
7582
7051
14093
15787
7162
9944
12026
4534
16340
9857
8472
15717
936
6046
9669
11355
7800
15795
16112
2096
11078
13676
1909
960
6251
6535
14978
11220
10010
6126
9497
2575
10278
12430
6720
9623
3514
8521
11305
15445
3924
15804
15860
11661
15688
14607
5679
13510
16118
12996
338
4973
11405
1071
4544
4420
10810
14095
5975
6081
14108
7522
3883
4633
15716
7834
7969
190
3696
9613
15494
8055
2798
14008
14496
5013
1716
15389
8301
6468
5925
15458
5170
12120
12402
2572
2124
14055
3034
14077
653
4173
16277
13609
5206
7616
15404
15814
12959
1472
12595
11861
4554
15412
14520
5785
4483
311
7586
8791
4710
12024
5658
13667
2858
12573
12054
3137
10686
14882
1866
3162
2882
12532
2995
321
8468
13975
7082
9727
16221
7072
1281
1908
13863
15459
4810
13303
5342
8016
12697
13894
349
5675
6755
5496
9923
9185
474
5716
11812
7084
15303
15435
9441
15816
8984
6360
5069
14342
3771
4252
14586
1619
9069
6138
8629
10678
14103
4794
6149
15382
6969
7174
4689
8595
5750
14854
14266
13240
11235
7241
8663
9404
12945
10702
5245
1818
10862
3815
11261
13738
14271
16237
155
5222
15660
6509
15705
8651
16228
11735
14557
3163
7140
9876
6013
13076
14329
14582
906
13930
15414
12313
2654
14105
13175
15253
11835
7547
15768
13596
9319
9134
14817
7674
6322
13591
8200
6459
7507
11878
12859
12338
10381
12296
14695
3607
3332
8415
13658
6195
3868
15101
5388
8790
12869
916
14284
738
6552
9308
7412
7693
12344
8077
11889
11225
5004
6288
265
1893
9406
14987
639
3931
5029
5892
4577
4413
1646
2548
3591
10955
6470
3993
45
10422
5960
13771
13365
15104
6925
14639
5356
717
4222
3662
8221
7173
480
8562
9448
688
4321
4217
7365
1119
11937
1169
12932
4621
6109
296
10028
1590
9674
873
4027
3744
152
14750
7723
9653
10509
12048
15
6113
7047
7433
9242
15788
13840
6605
13955
9127
7942
13068
1139
3094
5491
9260
13903
805
231
8471
13516
257
13649
6734
7439
1262
8438
10864
1606
11842
5597
13681
4579
2452
1759
4995
8160
6144
8481
15178
1986
2946
10488
11900
11798
3084
11048
15559
13784
5962
13331
13555
11206
13768
14675
6451
1326
10818
13430
10293
6357
4951
10718
14703
15879
3469
15597
10741
804
13164
15069
5305
1345
1193
7683
4136
3990
5895
6520
14650
13612
8017
3362
15877
5175
11147
9386
8226
15289
10388
11455
7097
7369
13514
6843
16189
13741
3262
11706
6136
3881
10520
8919
5729
5771
14871
1273
1021
5798
12943
7953
1873
8846
3952
12195
11586
13578
6025
13295
9078
14203
14761
11319
14006
9581
6579
8728
3734
15226
15904
15980
6394
7407
15959
8035
15845
1800
13826
10416
12504
15604
8597
8817
4871
16102
5842
14696
2356
12800
13883
3579
5539
14616
8985
1932
5494
3770
10548
7454
13011
5514
10285
14031
3283
930
5486
9028
16019
12166
11657
3210
10750
5980
12467
15744
11882
2146
14644
11471
5711
6936
567
5293
11548
7015
7455
5633
14152
4356
2140
13795
1362
11923
277
2889
11297
12611
16321
1233
14038
1974
16166
5137
16281
2330
16002
13539
8470
2444
15770
13579
10781
7998
13411
16308
10896
1757
7039
7911
13117
16119
1348
7781
15478
5674
7155
1631
6241
15048
12737
13481
4198
12279
6760
4708
13211
7138
1140
7148
4109
2184
3528
7971
2026
15279
11626
10232
4505
11326
13729
14516
14585
11708
6915
15682
2155
9135
3268
7353
15183
10415
12417
472
4088
7687
15314
10528
4240
6893
610
4247
12097
9610
12009
2472
13858
15514
12643
16037
12006
8307
10939
5690
15351
10640
1688
11191
2190
1062
140
13944
4585
2414
11163
3647
14334
13949
1134
1831
14839
16293
5657
14876
9571
9605
6101
11375
13504
5801
6434
11136
12099
12045
7795
1377
4079
6839
4779
15693
2210
2863
3021
7067
132
13967
9399
2587
15722
6712
9132
5605
8805
7989
281
4186
5355
9898
2921
12382
11773
7768
7669
14025
2263
5512
473
15290
6051
12665
3785
10677
10516
13435
11432
57
10837
14143
2542
13071
15782
70
5415
330
2540
4151
11826
8749
6290
9376
15841
10919
2271
662
9739
5254
4596
8729
13802
10877
13399
6512
10714
11101
8572
13836
11442
1365
15651
11596
3389
8094
15633
734
10036
5688
6224
9237
11368
3822
15448
13301
12226
5258
15962
12011
6074
11457
826
6621
3159
14183
4597
13932
10020
4015
4693
2462
4052
7338
12970
7071
10653
12105
6231
7267
13162
15484
81
2205
11994
553
5520
4669
13325
13403
14702
2319
4786
6603
13193
14033
1151
9664
13489
7133
8223
10706
6069
9434
7946
12494
6492
5091
15192
12535
4141
13221
16148
12522
14786
15767
13550
5204
10925
5368
9329
13662
1357
6001
5620
15505
11084
4842
5289
16336
5815
15628
8416
7652
9483
15905
15755
12062
7216
4284
15791
1414
1429
16066
1975
2819
12004
16337
6655
111
3658
4954
9358
10214
12468
4583
14091
10770
787
2789
3400
7717
4743
5794
10496
6265
11670
613
465
3100
3071
8586
15611
8931
3276
5763
8936
7501
14043
14180
5009
8260
2593
14904
13952
8955
13540
14554
9418
2571
13525
15627
11272
14830
9704
8060
77
2136
12057
7233
9815
2653
13841
6395
3838
9848
15754
16104
6629
14515
11909
14449
14322
9355
6163
15942
13421
3604
14400
3669
5549
4204
15190
8218
5112
14999
14567
11143
7701
12304
13928
14399
15975
7257
4421
12844
9707
13685
14883
9644
530
12636
16375
15711
1673
3336
2717
5984
2539
3702
10893
14808
3369
2203
2116
6580
3174
1256
8565
3519
3756
3361
15576
7324
250
5010
10980
6540
6190
8853
15026
13660
14533
14710
14404
11463
11713
6934
9396
1173
3508
7935
11740
13423
5568
2992
6516
3917
10283
4751
5238
13236
15864
211
10344
4443
4102
13215
6609
5654
5263
395
9902
7814
12624
5169
11950
4655
5436
14629
14620
16043
15022
13954
14749
5775
8530
7214
5745
1109
13632
7787
7836
1337
7589
7340
9044
6008
10297
6863
3593
8874
10038
9931
12053
3965
15260
3120
10814
4594
6417
2435
5351
8908
13473
16252
14916
5159
13862
9423
9236
3033
2622
7392
6446
14534
8829
6692
2716
8309
4379
15416
7493
13821
8742
15127
7146
9218
4657
2258
13973
4863
15309
1770
5949
5757
5884
9647
3422
12814
8692
11980
1851
11494
10560
7457
16120
6946
3520
4264
12729
16161
9580
15806
11317
15139
3312
1726
15871
5983
13551
10007
3439
709
2828
1175
4964
3885
10054
3434
12775
3632
12077
11984
11563
15434
9617
1585
13773
6223
16092
9575
9459
15102
6508
7090
2310
3714
4891
12724
6236
6515
102
3289
3724
12028
5449
12306
9182
14227
9999
4452
15463
363
6298
5064
3576
5574
12449
16376
13647
3215
11360
14192
5726
11803
15749
11843
625
4300
2285
5054
15476
11995
16331
15256
3691
6326
12380
11849
10828
4697
16091
13174
13935
11338
8524
1784
11649
16162
8450
13536
832
4409
13569
15998
3951
1596
8030
8337
9052
12810
6268
15799
5576
3257
9080
13639
3535
13042
289
6749
865
8300
137
15004
12132
54
477
9162
3243
5411
14955
12209
1796
1689
11715
13166
15649
2426
7003
13183
6043
14416
3489
11050
1013
9389
1722
4301
4020
11814
463
11678
10226
15528
9450
10213
8603
13957
13668
10778
8617
6770
14575
979
10984
202
9646
7307
1215
5451
16010
9243
11801
10491
12980
4429
1394
13041
3558
3499
13398
3858
7574
365
5826
5501
13530
11804
4486
946
15719
1478
2401
12873
2762
14565
16094
16326
13819
5575
12925
2279
558
366
10949
2996
15006
12702
10764
10865
11139
12891
1391
9301
4319
8161
800
14539
1505
11813
11567
11365
1403
6002
5280
15207
1500
3483
10786
9706
6106
11646
1188
6987
5346
16190
16194
5414
3963
5066
10275
9296
10863
14689
5335
13379
7114
15581
8117
12250
13357
9930
5120
13201
914
10969
15142
850
7168
3378
1780
540
10539
4307
3031
14946
2919
5606
880
2126
2840
13508
6976
6075
15297
5971
4098
3606
11589
8859
279
347
4342
3318
11385
10022
2043
16113
4169
10852
2230
1057
151
3834
13931
4649
5518
7190
5354
14069
4182
7718
13321
5142
14328
12076
3549
7938
4541
13038
12395
1962
4090
4605
16153
14545
5267
11919
3608
1310
12544
15613
8973
7145
14921
14036
13333
11025
14424
8762
3423
13625
10867
3523
2980
1344
762
9375
2347
2471
7647
10858
9345
2201
4255
14051
10434
14054
139
7444
4370
15387
3925
8815
1995
9203
8235
9744
1228
6379
3939
10556
13748
10408
3821
134
14199
11014
14223
13515
1340
12622
6454
5255
612
11204
13085
11022
1639
4353
3938
15802
5818
5822
4428
12747
3170
12512
9866
3646
12365
1710
3791
6073
5349
2039
11341
14962
10502
9420
5220
6474
10393
6450
7993
10110
112
10988
15100
1041
6601
15401
12944
12067
12091
5859
10505
6072
698
11205
1092
10711
5582
1825
12527
14498
7081
6805
9665
15058
14922
1790
2664
11834
13420
9936
8534
14040
10834
11973
50
4208
4166
952
14751
12124
507
11402
11306
1715
3234
6652
4468
3927
15634
3460
12518
16157
2007
5300
2337
14306
11184
11000
11140
6677
1694
10580
2212
10545
3436
10590
9388
4126
13901
5882
3657
9532
15093
13792
5913
258
5493
9966
6582
11232
6525
1329
541
4029
6903
5844
11874
4553
673
7197
5262
7665
8431
9762
7077
4039
2928
7152
5150
2553
11138
2657
4989
15321
13100
16245
13917
3745
12010
12419
9322
5777
8294
8578
3840
7940
1976
8971
8669
9252
2011
8078
9677
4140
3649
12718
3239
12893
10813
16199
12556
14694
7490
795
6389
361
11846
4345
14894
357
12478
15647
11820
5325
13138
531
14419
2118
6207
5503
6017
1128
14771
12231
4826
9402
9799
1435
14261
11363
2487
149
16286
1257
9862
14234
9433
2767
16058
15243
12204
7436
11640
14812
1162
14373
15363
8642
3183
327
16275
7498
2942
7156
11809
6391
3875
7
8994
11583
5929
4389
13542
5732
14388
13830
11999
778
13918
5795
8140
12998
1336
15166
13444
10097
14260
5247
12192
1850
185
3846
13388
1307
2756
8646
2478
10363
13312
1205
12362
557
10707
7821
7279
12329
12992
456
16005
9663
15023
12570
1667
15835
11395
31
9062
11371
1717
14300
5899
1303
15531
5393
2694
11590
6262
15481
12100
7013
9971
1609
7012
5645
370
718
9072
4372
7823
2511
13395
8802
6841
15829
10037
4745
10931
15141
533
6743
9705
7684
2377
13719
4105
5682
2533
4838
10495
6620
6782
4631
11397
10550
1415
14390
6328
10530
12565
3717
1157
3806
449
2084
6010
10835
11346
6981
10948
5014
3670
12092
6702
6505
11951
5083
15683
12426
9755
2128
15437
5288
8306
7536
15848
12384
16329
4242
7864
9888
13909
3465
5157
10861
5056
12572
5295
15270
3379
1022
2939
3098
10612
3485
4129
9861
2484
8014
15503
12640
7661
14481
3384
7061
11774
5205
4712
13567
11212
13877
15406
4435
12490
1740
12961
2877
771
13007
10938
5972
13269
9346
8111
7508
3624
3497
7335
11291
15285
7485
4613
4034
10647
8422
2311
3978
6553
7280
16361
9509
13212
12767
5001
4318
13075
5779
4988
5550
9444
13614
11260
11304
13139
839
4606
9512
15564
7477
10504
5006
6159
11335
5425
15608
14741
6536
10726
9318
3075
6772
10559
393
8214
4053
4931
2327
9680
13812
12443
9043
8918
3211
16202
6291
12670
3991
15734
7059
5721
6064
11957
4627
11714
14381
7755
2384
15335
16031
14558
90
3342
10793
5359
2519
1528
6455
14017
12790
14981
14472
8342
12456
7532
6143
7895
5756
2596
14401
9562
15843
3718
6312
15014
11872
3202
11266
3467
5259
7521
409
8090
4274
3878
3139
7656
15311
5475
4739
7358
10160
5061
15984
1506
9148
14929
15575
10306
16332
11038
985
2503
7463
5706
1105
4725
15172
11513
7846
1649
10112
7573
13982
8362
4607
14731
2891
8827
1964
3402
3179
13197
16341
16081
11991
12184
1385
1238
386
12644
15203
5180
1965
12605
7758
15602
12968
11274
10721
1764
8313
13057
13800
2592
14664
9310
15691
2417
15819
3324
14598
13136
15534
2366
6079
6096
4539
6596
14222
10155
7964
16222
7265
6484
12119
16362
13577
11067
1877
355
14511
7546
14118
2524
229
9175
1833
9668
15824
2499
13205
14892
14804
15373
5866
9670
6819
2306
2806
13714
824
15730
8397
11619
12319
3511
10377
15473
16047
4299
12773
6992
5424
736
12811
15783
8463
6771
5857
8571
6691
13427
10952
12870
15299
10890
4087
975
5600
5428
2442
7740
744
12837
12145
1027
15815
5948
5961
2386
2520
6372
1263
15909
5052
3354
3060
9920
14456
9765
9312
22
15343
9295
4836
13368
7955
15050
12626
3950
10610
1760
9626
220
10483
12352
13853
15901
8702
8227
9973
15769
15911
8999
9303
2489
14792
12210
6428
3355
12673
9419
15570
1494
49
3106
16053
11470
4161
14723
11374
9835
9093
14305
5031
4763
14213
560
4048
14325
3072
3582
2953
8004
483
4205
6850
1626
6133
11200
10635
730
12545
7865
10334
7191
9026
543
13959
7680
10804
8345
2692
5114
10497
13169
12710
276
8354
12461
4648
8251
5007
8343
3310
13386
10607
13907
15823
14859
10228
15339
13694
1142
10648
11160
113
8490
14661
5374
10048
1510
6957
12413
1925
10114
9710
7001
5379
6407
11330
2590
12335
12791
329
3177
11515
15120
9960
14788
8069
8744
6302
12116
13109
2896
12240
9257
6088
15152
11016
15903
14101
8494
2402
8793
5132
2211
8912
8816
12286
10195
1912
11023
12696
5849
8359
11960
11252
451
5506
2358
14488
8486
11525
9582
9380
8680
1677
7380
4072
12836
1834
13227
2299
13302
14725
12689
825
310
1972
15217
9038
1948
4823
10481
16035
7170
2886
16085
8281
379
14349
15523
4574
4056
16250
5395
4846
12008
11158
12899
1145
1029
2078
15936
1724
7438
14769
5792
15171
11276
8229
13547
5534
14784
11859
1701
7575
5743
4475
11912
5733
4765
11917
15646
15986
3796
14158
3327
13879
8967
5417
7689
3891
12645
8381
11458
2340
9300
1959
6687
14072
598
6681
7925
13692
4059
9005
2970
7175
7725
11540
2420
4754
8711
15872
8158
5725
11686
8482
15398
3191
987
16307
3621
3689
14122
360
8899
10676
7972
11647
2676
12510
1624
10411
10985
7576
6788
7735
3727
5935
174
9651
12957
8924
12907
12446
7929
4440
9377
8122
8656
12113
4636
4726
6121
8622
14657
6821
13846
14044
580
15669
8769
11464
3804
2811
6694
6774
3048
11219
8110
12187
11452
3843
5352
14165
4862
8731
6753
4547
13207
335
9726
12762
5380
16130
13461
5933
4575
6443
697
2139
14552
6212
14712
4400
9109
2801
9531
6481
4326
3062
3473
7009
732
11702
14495
15653
8593
10996
14367
7715
11145
8133
12941
9951
15965
6258
7712
7487
16105
10945
1869
599
3502
12303
9636
12966
9119
3097
14126
10454
13313
5524
12477
15287
1272
12434
10713
11106
4303
12596
5805
15571
13890
358
9027
16124
13412
6885
1641
5124
9293
7110
11825
12995
12093
14360
441
10468
4800
15700
53
12683
15453
9421
173
11566
12189
16188
13696
2749
15727
1714
13794
858
10177
13314
3492
4215
9446
10692
6748
11537
8705
75
13678
9128
10883
14895
1532
8636
10006
12815
5419
13410
2725
8809
14320
7578
13984
3190
4419
15813
7654
3251
14756
15585
11406
3221
5152
10345
9235
14699
4713
11352
12104
11784
7478
4790
15557
7590
5313
9247
2056
9245
11148
5131
15492
5529
12283
12084
10946
9786
10442
16363
11940
16317
9287
378
13251
12458
793
2973
10543
1206
5403
3002
15776
15057
5864
8986
10209
108
10055
5677
6951
12079
15715
12074
11102
1315
13664
14591
13783
6932
16013
7288
14411
4359
12563
371
12574
7615
15170
12295
10506
3335
5847
12488
7552
10071
9792
8194
9142
8884
6924
13237
1512
7720
15209
1083
9618
5073
6026
15461
5229
6201
4130
14704
14444
12248
12663
8058
14121
11296
2759
1991
14617
814
9650
8810
8392
6377
7017
11332
8277
6700
9838
7534
3760
11853
5101
14473
1826
14613
1557
15399
3622
15673
5123
15185
14134
7763
8751
3196
11412
15535
2158
13290
11226
8777
2050
6729
5385
15639
4722
3421
13267
953
2618
14004
10153
5836
13823
624
4868
8522
3451
2123
13776
2286
4232
12179
15644
11251
2850
13126
2987
4461
6105
10596
4033
8100
2085
16380
1848
16027
12594
15894
10624
11959
2703
3552
5662
10253
5272
1398
15530
14773
8385
14086
8195
6518
8739
8688
13232
4984
2305
7127
14461
32
5121
6723
8279
7941
6007
6440
9177
4405
14787
10829
11796
12684
1880
1065
6997
11388
964
6392
14588
11556
8516
8175
14231
11806
6705
4595
4101
9553
9949
4546
7187
3920
1082
5869
4143
14014
9114
3280
5953
2662
14628
12314
14254
14887
15165
2747
10855
7593
10823
701
15955
615
4783
15085
1495
15110
6669
2298
2057
702
3448
5626
944
12874
6090
2699
8378
15450
3482
13810
8177
4224
927
10135
16163
15746
8991
11866
7849
2965
5234
15781
10609
4180
12541
5117
12586
5153
6949
4573
10410
4927
12560
15338
10968
3844
4366
16025
1816
3743
3697
12466
1214
8040
15880
12207
13594
11401
13151
14127
5456
6738
1954
11838
5133
16350
525
1517
15390
12616
9397
10290
1181
5609
10649
3566
5431
16366
3805
3056
13913
1808
2076
14735
7034
14429
6922
7000
1900
7176
6369
7737
11665
4970
4295
2760
7659
3946
4809
13307
15997
15789
9051
9555
6806
948
8192
6736
16
16313
11427
3936
4003
14407
6067
11924
2323
7628
12064
2912
13860
9824
7571
10125
1059
7588
5629
8681
6406
593
16348
15095
5649
10774
845
15215
5810
1839
3500
13414
5532
6891
13573
4407
4589
5995
3333
12425
11662
798
11354
8783
5400
1618
13355
10917
316
4888
11742
7456
16251
11383
7458
1450
497
642
3241
1417
1576
5005
4699
5098
10255
14610
16219
554
877
10769
13050
5294
12517
2350
2346
2770
3343
15569
16143
9384
15839
10705
255
8256
10963
10316
11776
8350
15549
16028
6679
4446
13942
12480
7381
5894
7621
2477
16159
16126
15222
15712
4075
12322
9123
6671
5989
13987
11159
9778
2668
10779
2771
7893
10777
7692
8752
9958
16303
16320
12388
8298
15086
9692
5089
13163
122
8792
3677
10535
5310
16244
3504
13855
12580
9600
7199
9070
1692
7468
2984
14674
14138
6256
1827
14070
1647
1966
10983
2072
10262
12806
15174
9424
1794
11963
2041
3413
6877
16040
13852
2344
14345
564
7093
4831
10445
1424
15527
2439
11144
1668
14371
1103
1387
2573
9797
7123
7319
13657
11783
2600
4520
15599
1898
12817
9427
8996
16154
11941
6249
746
8920
14992
10907
1843
8079
4311
12003
9439
9831
2176
1903
12391
1271
2129
4397
785
7797
15762
10274
12047
13209
15169
10521
12871
16000
12752
8330
5236
14621
7389
2556
7382
9496
6044
8897
4646
12516
13882
7883
5291
148
4329
6541
11329
4642
10542
14209
9325
5817
8316
694
16256
1405
4086
6464
3930
1078
3480
9426
1042
6180
10252
13920
12317
1902
15036
16099
1121
8825
12353
947
16316
7291
14551
16360
7351
8076
5201
13
2425
7796
11557
12225
16061
5697
2752
9365
6930
5999
9223
891
15194
5166
4825
5473
13275
14346
1087
14524
12922
2776
16334
2393
13765
2164
2086
11020
14685
2083
1251
7120
5095
6593
4489
1406
14912
3708
4078
4795
10219
13017
11750
679
1469
13665
15496
3855
2665
3477
3596
14350
7062
941
15577
10715
4183
12727
7833
15537
6038
7167
669
10902
8156
14900
2862
13965
12577
9590
1931
14088
12247
2458
4643
14937
12302
2755
1044
10582
10247
12533
12713
13176
12650
10170
968
414
8323
5676
16017
11218
5421
10141
219
8088
10149
888
4997
10729
13060
15223
9058
7139
5481
6282
13487
6142
3462
12540
11561
5910
7289
16117
430
1448
12219
12463
10457
15617
4728
4047
9030
28
12000
2427
2409
8840
3652
9503
13243
2512
14775
4069
16191
5542
5040
5784
16034
9306
5286
8417
7611
11558
10623
7811
1767
12168
12889
14829
15798
8328
3214
9548
5472
11030
10263
5075
14838
1534
10753
8053
14027
8061
911
6135
10008
12259
3365
5367
11285
11818
1766
6923
8414
2681
15728
1565
4006
7083
6214
1320
317
7298
668
9964
16165
9620
443
5746
8934
6285
1746
6279
11915
5638
4899
15790
1901
10812
9452
13842
16018
13608
5537
3674
5405
2526
12963
1674
3919
5739
10563
15863
3087
2887
11970
10116
9622
13603
10597
6659
9241
14080
14979
2094
14497
10004
14047
3399
4716
6480
7812
15266
2837
9160
8883
10699
11295
6953
381
1147
12524
10196
3019
1627
4930
13867
4282
8167
10932
1153
8954
7361
12191
5833
15261
5747
8826
4399
3774
10555
1812
10178
2782
8253
10094
8273
3847
9016
7135
7284
10397
12373
9547
4993
16129
15145
4996
15584
14853
3611
12018
4536
6473
1426
9367
7633
4992
15808
4008
13255
11
3861
11683
5402
12921
7160
15337
16214
15117
12792
6016
3144
6345
9772
13128
6822
13483
4508
11410
9721
6414
7831
1640
6668
259
16267
14734
15021
12241
13277
6940
16197
4525
14507
14369
4157
264
13477
3181
3517
10351
15698
6305
11438
5695
493
9294
14957
12754
6261
5076
15670
6330
13707
5647
15182
2994
11113
4691
12664
3186
15587
7786
2866
976
15742
16100
11631
10627
11017
8870
757
6781
8357
7868
12934
11677
10066
8561
13102
14236
15978
7622
14383
9616
9504
11522
4246
16050
14540
15686
3948
7414
11611
5370
2373
7209
7341
3786
15017
3841
5084
14028
2376
4145
10533
1651
13561
4447
11091
2968
2036
898
12658
10679
9475
8348
10768
14989
12381
7900
438
13671
5130
1314
8454
13124
7221
14125
13807
8854
11157
13170
6352
1886
11550
11756
14310
15750
15116
14647
13256
9783
8976
8957
12993
1099
3204
12912
3979
13052
16299
8205
6699
13344
1979
10467
9989
1286
1605
5109
5560
2929
1242
12973
815
7415
6982
6791
24
16209
16289
9741
10475
16260
10960
14216
12613
15149
15221
11502
876
9208
1177
9767
16367
2193
10816
12403
3741
11227
5720
11857
12744
2125
7480
569
11327
2698
12420
7391
10538
5789
3531
5687
7948
3699
2225
12955
13315
14525
10244
16097
10906
9983
14969
4019
13892
13451
7287
2558
13263
10332
3638
11180
197
2099
12336
12760
4292
15918
2135
12600
14229
5755
6127
10460
1990
15144
16296
13934
5453
8349
9896
6388
2339
3550
3746
10595
3165
11366
10346
848
5612
12561
9926
14485
4512
15999
10338
11574
12812
4378
12347
2721
663
5303
9911
476
4939
1235
9383
13347
3656
1160
2240
1106
2030
14286
747
7186
9643
15113
5621
15900
8388
11240
3028
12020
7620
7794
11110
842
758
8456
7604
3820
3101
4395
7726
12850
10455
2870
11602
15267
7282
5956
5547
15187
1554
5059
12059
6759
9207
3061
4156
5852
11156
14933
12770
9868
10604
4741
15924
1454
4762
4070
5897
8315
7325
10928
14559
10869
8383
11698
12913
14023
11420
5816
5591
11518
14239
9922
2734
11018
12139
5684
1841
8754
855
11505

