348
33
1021
729
280
578
996
316
382
13
186
64
259
862
352
844
175
407
794
336
40
570
229
555
364
750
183
253
846
286
965
153
380
294
948
252
466
171
664
496
24
147
513
736
400
436
920
176
789
349
571
211
698
87
271
168
1023
310
458
303
428
119
563
617
231
615
890
57
118
166
712
1013
793
814
548
148
386
139
283
886
706
100
536
645
576
190
440
5
933
446
179
772
926
227
591
32
293
279
960
210
765
146
590
362
169
408
205
68
627
448
759
762
197
839
837
144
511
128
104
199
690
254
585
261
238
858
323
399
673
165
191
7
930
304
703
387
566
741
10
776
97
902
685
1012
484
414
347
485
475
121
102
944
106
909
266
330
718
27
705
490
817
897
970
374
317
700
834
76
856
888
568
714
369
761
940
318
927
549
335
609
595
1006
363
853
188
616
573
768
278
204
251
579
413
258
267
159
37
639
180
554
541
23
122
309
708
1020
11
130
638
758
311
559
239
142
731
55
895
402
324
945
46
49
971
114
430
465
636
885
692
421
581
260
9
597
209
649
134
172
743
900
370
642
637
152
342
215
21
201
770
924
193
795
855
25
720
245
105
453
442
630
921
331
291
782
818
749
684
694
865
735
136
520
873
1
640
727
320
223
806
240
594
586
493
80
339
699
671
580
697
44
560
907
599
911
236
680
26
95
427
208
543
781
969
710
263
357
497
936
376
681
137
470
435
298
219
459
709
667
88
192
469
978
42
686
237
217
510
345
54
982
189
456
610
958
915
734
916
1019
419
801
377
125
397
308
655
406
876
704
726
358
947
434
521
222
273
101
444
337
187
65
745
644
1014
167
835
632
529
683
830
754
605
83
498
206
574
112
550
411
778
546
628
820
476
716
816
344
30
43
892
4
688
472
592
565
319
228
764
535
880
124
525
107
753
63
875
959
341
115
575
533
531
194
75
420
160
613
587
405
461
894
785
721
409
869
58
995
660
162
864
287
821
447
367
501
534
483
15
138
515
47
452
545
866
991
292
985
18
302
672
353
48
661
241
607
833
467
551
773
1016
766
396
763
432
500
90
505
738
917
619
527
86
150
1000
234
851
36
614
403
383
629
695
635
422
482
417
633
679
842
737
643
356
52
181
81
612
715
922
707
151
509
539
634
385
790
980
256
89
658
98
242
492
602
807
437
544
598
746
903
526
506
31
870
877
66
651
987
621
760
360
415
216
71
38
589
891
499
29
756
972
552
334
368
994
540
593
328
226
808
937
963
332
232
952
2
998
1003
1001
282
964
755
530
668
508
618
953
722
582
841
678
463
956
663
779
468
800
850
92
108
914
826
523
871
857
312
233
733
656
62
935
604
961
489
974
728
813
359
748
235
717
744
687
939
910
997
622
771
276
60
798
393
812
519
366
116
588
872
564
912
654
113
488
59
646
184
863
950
918
56
898
838
198
19
751
843
889
249
1002
20
157
780
78
313
296
522
39
141
338
537
401
596
77
213
887
479
471
819
783
255
371
404
828
732
567
859
164
879
426
713
1022
867
196
269
981
848
666
929
949
351
957
132
250
625
662
438
752
675
606
170
811
486
966
381
955
354
836
329
177
12
809
1011
611
297
786
941
218
477
340
14
455
503
51
784
624
99
775
791
701
693
979
35
1008
657
648
494
730
989
777
943
300
682
787
620
195
174
274
268
951
524
322
394
740
85
572
626
993
854
355
8
860
647
129
200
670
652
849
825
942
796
719
50
94
831
742
954
143
913
299
41
577
517
896
161
631
443
126
556
389
96
207
53
988
507
246
723
439
275
202
361
388
584
462
802
1007
431
425
34
272
938
861
289
518
257
343
158
893
561
852
203
986
487
1024
445
962
185
805
547
163
131
767
934
474
284
375
623
824
512
711
874
558
868
307
224
441
6
416
123
946
156
373
247
774
305
829
301
220
542
884
120
847
225
562
61
464
182
270
110
905
919
117
677
451
288
321
378
73
603
514
908
145
372
653
84
480
69
747
769
178
676
72
881
127
984
1018
538
265
532
212
1010
495
977
641
155
412
901
1004
904
82
244
803
976
140
433
810
346
460
1009
983
906
93
262
295
669
502
173
788
214
398
1017
277
365
739
932
103
473
990
135
757
899
973
491
931
797
557
925
67
1005
845
454
967
391
28
333
600
799
481
815
290
792
281
243
878
264
516
79
975
16
449
1015
827
725
429
923
154
664
724
478
928
424
410
992
418
457
109
22
528
583
325
608
450
350
968
822
395
650
3
111
696
569
665
392
149
91
553
248
230
327
601
315
823
999
832
390
379
45
504
133
221
804
384
659
326
74
883
691
689
70
17
285
423
314
882
306
702
840

