274
941
1764
415
372
1377
653
1960
763
1209
867
391
145
996
123
1016
1879
754
1007
1247
10
1729
1471
903
1400
259
955
1565
1691
501
467
306
1791
175
341
1334
22
1819
1695
42
238
294
212
20
116
1609
555
1190
1330
94
2024
1895
288
1191
1957
1320
2045
500
1385
100
975
119
1015
1806
1045
380
40
1403
1548
1093
178
425
1327
1240
439
774
1872
674
1018
496
315
1483
1466
1289
574
1604
331
560
739
878
358
322
95
1353
1182
318
585
1084
1996
1140
360
165
157
15
219
1630
190
782
271
1486
148
848
699
1678
1674
1166
718
2015
124
1866
428
466
1169
522
750
563
1229
127
581
1418
1850
615
981
890
1082
1517
1131
1132
1557
1111
182
1804
1849
231
967
1410
185
481
569
1380
1181
1058
877
386
1899
721
1436
1637
1231
1360
1153
472
1939
758
671
1088
1349
1184
1703
1264
1328
605
440
143
1086
635
1853
1350
570
907
307
712
1358
253
80
926
242
510
476
1260
859
1828
826
1259
1339
561
1306
960
1814
210
668
919
465
1003
1415
82
1494
1634
200
1108
1531
946
708
580
1017
1572
2046
69
281
1596
46
776
352
1620
684
1851
1034
1432
1384
1675
1145
519
9
1338
33
1437
732
172
498
1800
740
224
97
1113
936
421
489
799
863
1847
1526
1589
1283
1293
452
245
1975
1538
675
460
1842
1576
399
1563
1543
564
812
2011
1026
434
1254
986
268
1
308
1759
640
483
1224
535
701
16
1505
1446
677
1386
1342
230
1500
1215
525
1813
38
1098
1524
485
1121
858
618
332
1438
1562
582
1721
412
1588
1520
854
752
1551
52
822
241
1159
213
403
1528
494
375
1994
817
1955
1246
447
1564
1167
115
1175
1216
1643
515
1047
659
834
1077
1467
623
1556
1501
1172
1104
125
655
275
2005
1962
838
765
1515
337
1893
790
81
1335
865
1530
1426
113
883
202
1985
813
8
552
1263
1885
1046
853
1660
1871
888
96
573
1692
490
154
304
575
1555
1272
1013
183
579
1605
1300
344
1971
1577
406
31
435
512
804
1808
1424
972
777
1782
1568
1478
216
1870
2032
905
1690
1911
2000
1673
1149
1232
651
1033
1639
1788
1203
843
910
1199
1732
828
1029
1442
1794
1103
1963
1239
374
526
954
450
207
979
1753
781
3
1770
1877
118
1592
431
1656
517
203
713
971
1763
416
839
864
756
1748
1722
636
1553
1665
518
1101
1262
631
540
837
1484
532
753
90
204
1307
1833
554
641
649
121
850
346
846
1998
849
743
1195
1258
1672
990
810
479
528
285
1357
458
1756
1087
368
731
1878
1061
508
159
1736
1413
1745
160
572
1388
187
1579
855
1778
1663
2030
1730
1659
477
455
354
1973
652
235
1491
1793
218
1359
1615
1612
1176
66
77
785
1512
2039
943
818
401
860
189
661
795
1069
1083
1468
1213
735
507
759
1987
1030
902
760
770
1616
277
588
524
1041
1276
958
1920
737
806
1755
1036
1952
594
887
673
1299
788
1623
1139
186
1037
463
1130
91
995
342
1532
1775
1008
942
951
1803
30
1230
647
312
1274
599
911
592
1316
2040
1921
666
1948
327
1626
410
862
404
1422
1487
163
873
639
1993
343
1201
710
989
1106
1214
1219
75
366
451
7
1950
2043
1477
107
350
783
1285
1507
1025
1725
1969
1984
1319
137
1700
1317
364
419
1685
1777
1815
2003
174
914
1874
1817
534
980
723
1655
1790
1142
968
93
1005
1049
2041
1134
755
803
73
733
255
1352
511
904
1464
1144
757
427
152
469
149
1348
1733
1112
45
1127
1607
1502
1857
1138
101
1914
1060
409
1277
736
1807
614
664
1202
1679
1534
1811
1395
672
1244
1614
1710
704
1447
1913
128
1889
1499
2033
1591
1038
1234
359
1020
478
1696
79
820
1261
856
1784
1771
1200
394
83
901
807
745
135
648
2016
1460
610
1409
600
300
1796
784
537
1654
1894
492
1714
1539
456
18
1368
1367
602
1664
1188
1031
1558
1472
234
237
424
2004
1369
957
254
1697
1649
257
1341
1373
696
654
1594
660
794
1398
1091
969
1160
1903
816
423
1000
915
223
247
1122
1908
379
162
1279
1196
587
1683
1423
842
1457
1927
1179
1658
584
742
1865
2013
880
1445
1516
764
23
140
1493
1248
147
689
1336
1581
1326
2022
1124
1135
875
1241
1645
1282
1382
805
1271
1646
4
1344
945
1162
1647
1540
544
482
1281
889
1992
248
533
1523
1506
1698
1434
225
617
338
1063
514
715
443
263
1716
1689
353
1073
1345
869
1256
924
373
134
464
170
1183
1832
449
1408
262
1907
1666
1227
823
1810
884
1042
78
1816
84
1826
267
1429
214
503
629
321
1873
393
1972
495
1440
1125
974
1054
1552
1682
1387
6
1253
37
1509
56
1841
1801
703
1129
1325
1931
1309
1951
1251
1186
27
132
1355
2017
1204
369
633
1662
833
150
61
286
1236
244
891
68
766
1704
41
1864
697
1151
1636
1743
1393
1627
168
562
1862
916
1970
1268
67
35
1749
1779
1934
1147
802
1267
1356
1684
1868
305
2035
601
1354
1313
1751
184
896
1480
2027
1265
509
811
418
682
1291
1625
1099
1884
176
199
1028
693
836
1154
292
771
1923
1296
385
272
1170
400
1050
1010
1346
351
1222
1094
1554
1040
1052
1603
547
934
1297
749
1537
1270
950
1476
397
1110
1734
1266
89
39
778
1651
1298
491
1587
1441
1158
1668
1004
716
1758
691
931
70
1462
2025
530
1949
1185
1966
1452
840
638
504
295
441
1072
1997
568
988
181
956
801
1898
1228
1055
1916
998
1906
886
711
1802
894
1100
1469
1089
900
1362
1944
882
1459
1687
1585
169
1383
58
1217
1414
529
1844
542
1269
1043
685
383
1351
720
1235
1095
1670
1503
158
459
71
1575
194
700
1451
1925
1048
527
117
650
1827
1067
536
487
1772
932
438
1057
1542
249
847
280
761
1171
44
792
1449
2034
727
1880
173
898
371
92
583
1257
874
1598
520
85
1394
717
146
1454
964
475
1435
276
270
1273
681
2012
291
1688
1295
2031
1482
164
1331
1979
577
1146
983
1773
349
1676
1947
1559
549
1161
171
232
474
643
208
897
1958
1580
1322
1294
36
814
1727
298
129
800
1644
1205
1116
2048
1126
1838
1071
1882
282
198
1601
556
144
1930
1206
1789
480
1986
1401
166
550
246
1012
559
769
973
2002
1208
1933
303
499
1194
871
1510
1363
1935
309
678
768
952
997
1965
196
355
1497
1119
1525
448
1824
1120
1078
457
665
486
899
1787
1909
690
586
976
156
927
47
789
377
1416
1155
1022
1305
1301
13
1953
1608
1835
881
151
1799
239
787
620
1044
1361
1869
1762
256
221
1946
339
2007
656
88
361
323
1999
330
126
1642
426
1011
1221
228
1097
576
1450
1419
1926
966
1724
1831
1932
328
1954
1741
1776
264
1375
1498
191
963
505
695
726
1709
1210
1936
619
462
744
621
1404
1492
60
1425
488
2036
1495
1667
913
1318
326
357
1735
317
928
205
1533
1549
1701
105
1823
1648
637
50
796
179
1458
453
1917
233
832
1062
707
2028
1686
1443
122
917
722
1578
1220
1513
429
1433
775
870
949
1148
1653
1886
413
604
390
1677
747
1141
1511
316
628
442
1312
1896
251
680
1032
1456
1051
1569
630
1888
1412
76
110
1508
1570
1640
131
1068
1618
825
388
1941
719
411
1708
1769
1376
521
1485
1731
392
1518
948
908
1959
279
991
738
335
139
1720
831
1613
1465
1798
1431
336
1881
1544
334
1133
1938
1114
1340
1774
283
2014
1780
420
1629
1711
1611
1584
252
613
407
29
1177
918
557
1633
1545
211
1956
1392
1852
414
289
1287
12
408
793
71
1547
1628
885
109
978
493
935
627
1795
1567
273
1829
730
1514
644
1546
51
751
1571
1821
1891
1439
734
236
1278
454
1366
1536
24
1174
1304
772
1504
1967
1739
1742
571
1076
1035
1379
19
1912
1723
1631
302
57
1638
603
260
590
591
1347
895
229
62
1118
1370
933
1812
921
362
54
830
1455
1635
310
1836
593
1583
616
192
1399
161
484
1861
1136
702
114
1719
43
985
606
746
1490
1680
1854
1522
1929
1606
808
861
1374
382
2020
2021
1109
1475
982
845
1090
1622
226
1237
1728
387
86
1081
376
345
1980
1189
953
1218
1652
694
1365
1292
1150
939
909
1859
1843
1712
844
1192
994
1561
1329
1085
1904
111
1421
1694
1014
1761
725
1023
543
940
558
63
1707
662
1223
26
1669
325
1785
930
1863
1143
1255
1705
1875
1302
1942
188
28
841
1453
1995
1783
311
1314
892
676
2023
370
74
1056
1797
961
1910
1152
155
692
130
872
724
446
780
706
1180
17
1757
729
797
622
1818
762
1968
1290
1080
120
1809
1574
1754
698
340
506
98
906
1599
1738
1902
714
634
1123
1905
1858
1991
959
553
1001
947
1470
1105
938
106
1075
1566
1990
984
1845
1681
791
153
1825
1924
240
471
852
667
314
348
1473
1521
193
1157
798
1019
112
670
287
1378
1746
538
405
432
857
993
920
437
1389
381
987
243
1839
206
1837
1706
1744
779
1238
1610
1197
809
1448
658
197
632
1717
430
1560
1323
1981
962
402
333
866
1792
1024
551
1786
1830
513
395
473
912
55
824
748
1945
868
2044
363
999
669
1760
313
1324
1411
970
1250
1406
470
1937
1876
1006
1372
53
195
2019
180
1840
1021
1943
879
389
1420
1165
1988
1430
261
546
2042
396
1768
250
1519
626
1529
1461
269
1391
297
965
786
1311
1096
1846
1550
705
1065
468
2047
1978
1243
104
1321
625
1427
258
1822
1887
679
1245
876
523
612
1600
378
835
1573
1310
356
2010
301
1481
2029
1940
1737
227
209
709
1617
1699
539
1396
1982
1900
1590
1989
1856
819
1402
1156
2037
1750
663
929
1397
1671
589
320
531
923
1928
1918
566
1211
1767
49
1765
217
1781
48
645
136
1586
1193
1168
2038
1641
1805
1198
1428
87
815
133
1964
687
1053
1897
1834
1740
1092
14
1915
65
1747
1702
398
596
1163
502
436
1303
1039
1718
1390
2018
1976
516
1983
103
1883
290
1848
1117
1489
1074
1527
461
99
1488
25
2009
1364
34
1275
422
1405
215
141
1137
1381
1343
657
1107
1901
433
595
1064
220
1284
1867
21
1919
1288
2006
827
324
445
299
1233
1474
688
1207
925
1066
1070
1621
1541
1657
1974
1226
1178
1597
1333
265
108
1059
1661
548
686
565
683
1602
1715
1308
922
545
607
1002
102
293
1820
1693
444
1961
64
1337
2001
578
278
1619
177
1496
2026
541
1463
32
2
1225
1187
365
1173
1332
1855
1479
1407
624
977
1252
1027
1535
1766
1164
201
937
1280
1128
417
1977
608
567
597
1726
767
1417
1444
1249
266
1890
611
284
893
11
1752
1371
384
851
367
829
167
821
1713
1286
944
1650
138
1582
1860
222
992
347
329
296
1212
1115
1922
646
59
1009
1632
1315
142
773
642
5
728
609
1102
1892
319
598
1079
1593
741
1242
1624
2008
1595
497

