2848
2966
161
296
1118
2752
1185
663
1021
2956
2699
1377
4079
3445
1619
643
3758
409
3174
3932
41
1050
2941
391
667
1350
996
1011
3382
1143
1016
70
3582
31
3166
741
3162
2698
3940
1025
528
872
2052
89
2429
84
2469
2666
2626
1400
259
844
2203
45
1565
2639
1631
999
2857
501
2455
2807
2029
3612
994
3266
3905
175
1037
1598
1334
4051
557
3071
810
2969
3743
3213
685
3542
11
1516
384
2577
2672
865
2627
1119
3010
1660
715
1581
483
727
3093
2041
952
639
364
3030
1040
2787
2764
1895
1014
1420
1100
1191
2507
1790
3035
3495
1398
3355
3347
3615
383
2907
3050
1515
541
965
2337
724
1499
2144
1125
1290
3510
513
3699
380
185
2368
3146
3844
1548
803
1471
23
2441
1097
2740
2636
3239
466
471
1240
443
841
331
3246
3436
1271
3951
1683
2025
1922
2048
496
1489
3722
3877
1483
1466
3864
1255
224
418
3550
2945
3072
413
3082
2806
1906
188
2193
2307
1813
3689
3191
1450
2253
294
3747
3706
260
3780
2022
318
539
3521
455
1828
491
3756
2555
349
1140
974
3472
929
757
2195
544
2681
187
200
1946
3061
2361
1004
28
3583
1798
271
1874
343
756
46
1552
127
1491
338
1779
2068
914
2767
3391
3731
681
609
515
2015
2491
1054
2855
2285
1263
428
319
2547
3195
1872
4054
2622
2494
436
2442
563
3177
451
837
2879
104
3454
773
2284
3
3683
2448
2999
3126
3604
2910
169
14
238
3269
4016
2690
4085
129
615
1132
122
709
2244
1070
712
3447
316
2891
1849
3233
374
3381
3284
3936
3539
1574
2119
1961
3265
1672
2809
808
76
1202
3401
3123
123
1854
1873
1501
386
308
1504
4008
721
3293
2136
1715
3869
3471
1408
2359
3822
416
2656
627
472
874
3128
2591
758
3215
2432
348
536
124
1349
4095
3150
3142
1150
2526
3438
3460
3584
917
2594
3257
440
431
3548
3761
1135
2097
1376
1384
2823
1549
933
2727
1343
882
2579
65
3026
414
2113
2498
2525
1358
1616
2425
786
1771
2014
926
1989
1693
980
1601
2502
509
599
1260
859
2608
1902
690
2600
2444
3942
1259
3565
2314
561
415
3514
730
2485
960
3838
1550
3522
2955
1391
871
1154
2709
3380
1809
4039
2272
2297
1921
590
1086
3277
2333
909
3237
2428
2226
1944
2078
1008
2883
227
304
708
485
1196
34
232
1017
309
1572
1452
1405
720
675
779
800
2796
1795
3312
2412
2749
1426
165
3099
875
1027
2776
87
1582
141
370
2513
3330
2158
2202
2722
492
2895
1145
1123
2339
736
3056
1654
1338
3665
1915
2106
2312
3240
1699
719
593
3995
2884
83
107
2515
3344
1980
829
1905
2167
585
3853
2211
3511
106
725
211
1131
1756
1015
24
2643
863
3704
2978
1351
2535
959
3158
479
468
3658
3957
881
1691
2138
3052
1735
3710
4094
849
2981
1224
329
3070
1412
1447
82
2350
604
2143
3023
4078
1051
2427
2044
930
189
968
2072
3168
2724
2105
703
3867
3633
1701
1586
2059
2371
2289
4042
3231
3748
53
1315
1728
1753
938
1099
939
201
334
2206
3386
2290
1984
3598
4088
1575
2887
1862
2345
1615
1073
3398
1897
745
2794
2224
768
574
2858
766
395
3950
2279
3357
3294
2461
2844
1666
1530
2135
1524
850
1331
133
1122
3591
702
2445
1934
239
2974
1371
1438
2805
3986
1481
1509
3181
2980
718
1329
1712
61
392
164
3535
1492
4086
2256
2808
2071
2992
2379
611
822
3175
2374
1153
3214
731
2853
2556
877
2021
3370
705
906
4006
2739
554
1670
3711
817
1960
2534
3309
2625
330
897
941
48
1838
749
1674
2475
1378
2346
3132
957
665
351
735
2927
2287
2234
2153
3001
4035
2304
2439
3465
1747
1624
856
1136
379
1556
1063
2638
214
540
1038
2212
2496
256
833
3870
2403
4038
3244
3408
1962
1496
2488
2939
3693
765
3875
3826
30
1807
1774
1467
2201
887
2552
2718
2039
1335
1557
4009
3820
619
1221
676
1275
1536
2597
2036
2645
2380
52
3131
3739
3000
1742
2111
2710
2466
300
1053
3405
92
2669
2549
2095
853
1953
3474
3705
1871
1769
1503
956
230
1441
206
433
1679
3437
647
2741
716
3467
1151
845
1001
3765
449
1084
1272
356
1758
1366
1455
2075
1510
1937
3002
3806
2542
2423
2648
367
3776
1393
1577
4012
2890
3161
1052
1187
2354
1241
3567
998
1281
1637
3971
4069
584
2177
2880
3140
1760
3607
3039
1568
2435
2514
3671
390
3165
1870
2561
3569
1114
3351
172
1547
3173
1333
1911
1703
648
3570
1539
534
1059
2592
1542
291
518
732
2593
1247
1607
2341
3494
3860
3599
3855
3678
346
350
982
1209
794
2830
3127
991
2759
3536
144
352
1325
2521
1161
2771
1963
2302
3410
684
2040
2983
1720
3871
2450
3673
2510
677
620
2831
979
706
1767
1772
3487
3632
2633
2397
2327
2563
3605
2384
278
553
3746
1592
2663
552
2687
113
4072
2108
1968
2139
3484
6
1925
971
1388
3108
3004
3601
78
2258
1704
480
2618
3902
3160
1090
75
1610
1071
4033
2223
4087
366
2449
990
669
1942
1298
1337
3172
3908
4004
3649
3477
1600
265
1969
2061
1682
3836
2786
1734
1156
156
2324
3322
3011
2115
3906
1603
3497
2355
1627
2187
3527
1155
2911
975
1889
1678
1844
1890
2707
2632
2399
2838
1120
1370
2769
51
1505
1195
267
1943
1192
3250
1589
2236
3721
2762
2055
1295
2012
2308
1903
2155
3366
1776
422
583
2353
400
1087
1067
1324
1319
3353
3627
1878
3973
2459
883
174
1303
562
1024
1736
1665
150
86
1653
1745
1913
673
2228
1484
3345
69
3984
1018
3637
2881
3631
3336
3606
1778
3516
437
3829
2030
900
2237
2159
3897
1300
1096
2176
788
1676
3157
1973
3311
3041
3861
3751
3205
3688
3894
447
3795
1138
2486
2137
1060
3012
1731
1567
2962
3602
1176
3483
1023
597
1958
1768
2558
454
843
3170
293
2765
1456
1352
3943
2010
3074
1675
1287
782
2835
2020
2701
1072
2065
249
3340
2484
3999
3769
1739
710
591
700
100
3814
1506
159
3655
3334
2774
2825
3388
622
3543
3321
2963
2221
666
2753
847
120
3091
10
3301
1380
3745
4067
2321
2356
47
3923
726
2298
1920
1597
2815
2842
3526
3768
1755
713
3770
777
3970
3895
2332
2655
506
2281
2731
1299
3151
1245
469
4061
1995
3137
3089
1917
2180
1409
3651
748
2215
1764
3791
3118
311
1673
937
519
3695
1532
3561
3392
3915
3910
573
2587
2147
2499
816
228
2840
1387
225
2508
2092
1668
818
3738
2265
3696
1954
2575
3963
1802
2208
1948
2199
3577
1733
1576
973
2170
2620
1340
2933
372
1107
595
1618
809
2754
3017
241
1326
2259
1355
3887
664
4091
678
1092
1939
2331
94
1203
452
2993
88
2789
2424
3648
2912
218
2472
3821
1719
1880
2118
3817
67
1402
737
486
575
4022
532
704
821
958
3687
2410
3040
1658
401
1137
2019
1068
1651
1522
2400
4014
1622
3183
1285
2761
3523
18
148
3892
3055
3796
2168
314
2560
3595
839
1749
2031
3283
3226
4030
1458
2562
1866
576
3245
2000
3851
2317
1116
3314
1815
2110
3907
3952
2122
3916
2750
2995
662
1777
572
1817
785
3134
337
2254
3189
4037
824
1411
2680
1465
3375
2315
488
2062
1395
301
1346
202
2462
3945
3470
96
928
2286
1256
2101
3402
1486
2931
1971
93
1461
1759
670
3218
2757
1460
1531
3360
1218
3898
2691
1794
369
1621
891
1246
410
2267
1888
3276
407
266
826
1348
1193
1763
1785
173
2616
2852
1342
2320
3909
3646
1642
2704
568
90
3547
3280
680
811
650
411
1459
2220
3063
1165
105
2171
4001
2096
1845
3700
3449
2979
2049
723
448
1517
1861
3194
1560
1945
1534
1811
2264
1804
1628
2185
3660
3918
1821
1773
955
660
3303
3439
1228
2045
2231
2538
1879
3934
2294
1374
2901
3368
2566
606
2581
2026
2283
3300
600
2121
2446
944
1344
798
2252
2612
3463
29
1696
2401
691
2087
738
1462
3911
3152
2604
3757
2824
3626
215
154
1868
2950
1965
3255
722
1075
2006
1028
2161
3143
3590
2559
2351
2866
2795
2016
2867
2151
1237
295
2046
1449
3273
2352
500
1571
1424
470
1178
2336
2002
2207
3966
886
520
2133
1487
2334
1594
1595
1035
2134
2306
3837
1992
2601
3847
4089
2928
3069
177
1495
2576
216
699
2839
1133
1928
1353
3348
742
2960
2083
2557
4
1444
1512
1164
3198
475
2348
602
2932
3640
1663
653
3540
1782
1478
2758
3100
1650
1975
1639
1914
4031
3207
2495
3044
57
3241
3371
1799
1893
3310
4040
894
2971
1233
1784
4076
3544
3619
158
2674
3737
760
3953
280
3346
683
1257
2797
1808
1041
2651
2261
1089
3064
1875
2174
1000
242
3685
2523
358
3065
9
3122
2977
286
1573
1518
3941
3387
1612
1842
97
2729
3974
2686
1884
3444
3613
273
439
2084
2471
2717
1609
2665
3725
1865
3187
3068
2447
4002
2120
3451
2373
1950
2125
3990
21
1442
2810
3479
35
3736
815
2673
623
2493
1232
596
1152
3797
4045
587
378
3996
446
1251
2128
2156
2060
1611
3573
797
1883
1020
1645
2366
1863
2082
2323
3617
2819
3507
1168
2481
2676
2451
1831
1599
3476
1993
2509
634
1644
3327
3716
2152
3989
1752
1392
1997
2661
504
166
3508
2411
1900
832
2181
2063
2464
3813
3435
1562
3848
1048
3596
1698
1722
2877
1189
2362
2058
2671
1966
327
3597
270
2282
2688
1347
3492
866
4046
2868
207
1537
403
2582
1689
1669
884
3790
2500
234
2504
3412
3488
1563
3145
876
3356
1223
969
1440
3663
3926
73
3682
2777
2328
2568
8
2822
3691
4026
2744
658
2051
548
229
182
1480
1977
1236
2728
1297
1112
977
2017
916
4055
3623
2760
1206
1796
3563
128
1197
3256
2614
3267
217
3121
2814
3498
109
3782
2342
2799
556
2274
3885
117
1078
2
1434
2929
2537
1198
1972
1587
2229
76
44
1519
3652
1336
1316
2959
3098
566
2567
2605
3179
1479
2849
964
3124
1826
1690
281
3735
3572
3442
3043
3575
362
1544
3717
2169
1341
1708
3802
3493
1493
3393
3210
2209
714
2277
654
507
1837
3271
1839
2923
1959
2217
498
858
279
924
162
2984
3964
2413
535
2408
1602
3243
2821
1106
2675
2434
1533
3242
2501
1671
2892
3306
71
2846
262
3047
1783
2511
3489
2583
3333
2098
2300
3496
2194
868
3258
617
1248
3112
743
482
1031
1988
3586
365
2250
3928
2417
3868
3794
2512
3223
3305
3015
3014
1882
3551
995
2130
3211
1706
2487
1309
2736
2255
3533
1390
2222
3562
2100
1686
3234
2210
1149
2338
1389
2554
1074
1527
3176
3852
2077
1687
607
424
1750
2035
15
434
119
1435
2467
1931
3753
417
3531
516
2457
2081
155
521
2027
1867
1429
3081
438
3578
3147
2064
1199
861
640
659
1076
375
1636
1354
807
5
1766
2937
3947
551
1588
2050
2154
2214
3634
130
1554
2266
1508
3666
2617
1414
2054
1308
2546
484
697
3858
1525
1707
3684
2878
601
3841
3323
885
2418
3458
1737
801
2420
3259
2240
2957
3948
2043
1083
3959
1173
3600
918
1585
1617
3042
1846
3379
487
4018
2834
1044
408
1513
2246
1058
2505
3670
2398
3553
2816
1529
770
2659
3308
1098
2421
450
904
81
2440
460
893
2376
3227
1250
2172
2976
3473
3073
3403
3610
3778
1286
2863
353
33
2859
3524
19
1986
3009
396
3912
1216
3058
1919
531
1284
3324
873
1974
2719
2695
3019
2578
3478
4077
2905
3532
775
17
1930
3518
3998
1242
878
3506
3557
533
3282
2541
763
1788
1034
1787
12
345
3839
1994
4080
3221
2326
1947
3209
253
1485
1596
1413
3400
4047
263
2990
2611
1822
32
2610
1657
3702
857
2249
2184
1270
147
2516
99
2473
740
2904
3930
2572
3354
385
4073
649
3485
1079
1055
371
2126
1404
661
2456
3292
3732
3546
2131
1940
1473
3559
543
3027
1002
1474
3101
2232
1383
2292
2944
203
339
2197
1848
696
2453
1951
394
3981
435
1103
1523
36
3038
530
2233
1933
457
2886
2735
3062
3036
3872
989
2936
907
3429
179
3252
3046
2961
1278
1451
2109
3968
2112
37
1439
1401
3338
2069
1659
1593
2437
1188
2260
1345
1810
1210
2657
923
3690
652
1561
1584
2490
603
3529
2191
3413
3982
2742
1743
1207
2001
672
633
115
1382
1757
2812
954
1770
2329
3084
3087
2653
565
2123
3364
2205
4071
3824
1806
3332
467
1394
1415
2902
3549
3962
3712
2606
3367
598
4044
3103
3376
213
2586
22
1684
112
1559
4036
2743
860
2404
3394
3949
3290
879
261
3537
2811
2116
1062
142
1814
1730
3059
819
2925
1181
1630
3318
778
3788
2595
310
1416
1957
2934
3274
511
780
707
570
3994
3589
2443
1227
3515
3759
3057
1781
3592
3079
1056
2477
641
2149
3049
701
981
2664
2426
3502
3762
3944
58
59
1869
3588
186
2967
2117
1171
2365
74
1448
2293
910
613
1307
3053
3830
2682
1282
747
4017
3425
2295
762
3888
799
529
1923
1111
1183
3104
3879
503
2766
208
243
1339
2073
4082
693
456
1570
1296
1852
1833
1856
751
3343
3669
781
3263
744
612
997
567
2574
2148
1301
2480
2452
3197
2641
1064
3238
2518
3946
836
237
3113
3107
2004
2865
1042
3893
2773
3728
3007
3859
2522
3679
1045
2685
2870
1497
25
1498
2780
1646
1709
3083
1215
3341
1222
846
1623
2093
342
901
636
1436
1956
3109
2647
43
1454
3988
1445
2864
915
268
3268
2798
2953
3335
3051
3862
3418
62
1626
1141
1638
3750
2225
2598
3997
1110
2325
1834
1936
1453
3315
2479
2270
1482
3262
111
3686
1955
3441
2723
282
2102
3642
108
1007
3406
2066
1194
254
1543
1860
194
2952
1085
2489
3144
2405
1005
949
630
3350
3076
381
3929
3694
341
344
2779
820
524
2896
2712
3925
2076
246
564
3359
1144
510
2070
1896
1929
3659
2826
1142
2732
3361
2589
3846
3029
3614
903
197
333
393
2219
3414
2544
946
3883
1816
2316
1580
1723
1652
3154
3720
682
546
2914
1320
2247
2145
3248
40
3208
2178
2114
1472
2478
1104
814
922
3933
2755
328
1130
3060
1258
153
1134
795
851
176
2972
3106
1605
3299
2628
1885
4020
2875
1105
1718
3421
4058
1829
357
3048
3661
2280
3188
3525
3129
198
2531
1446
1564
3857
3466
3153
2947
733
335
3288
3455
769
3095
3452
181
3008
985
66
2038
3554
2390
1835
2553
1521
2615
1978
1987
2982
2454
2635
222
2375
3251
586
1291
1877
1360
3775
3253
2708
3373
1069
899
39
2916
290
3815
3752
3229
3641
2788
1469
399
3656
1979
1428
3927
746
4015
767
1019
3270
605
3167
2623
1476
223
3096
3261
1926
3349
3798
3066
3961
306
2694
3430
992
3896
481
3901
3955
134
3985
1714
3416
3135
2198
3805
2860
2394
1013
2173
3156
3111
3182
588
1179
2630
2997
1695
3136
354
3224
2964
1726
245
3764
3865
545
465
632
1967
477
2837
1330
2918
1502
3337
1526
387
854
3609
3291
2091
1010
1740
463
3016
935
340
512
1244
3423
812
4029
2543
1332
1538
1147
645
1981
4074
526
2032
1357
376
3568
2580
1430
3426
1327
427
195
2745
2818
79
2080
3585
3228
2322
3264
1204
3216
1511
2422
888
3480
2291
3219
1190
1754
2273
3431
3876
2763
1656
787
626
250
2836
1952
4062
3810
550
1713
315
171
3114
2524
3667
2165
2800
1800
26
2162
131
1614
196
4064
4000
2915
1964
1843
1066
517
830
831
3843
2482
2943
3117
1998
1
1057
2820
3833
3222
1858
3481
2141
2196
789
2827
2803
739
3302
3834
2926
1322
1475
3285
4066
1786
3624
494
912
2609
2034
136
835
3653
3707
1727
1032
988
1724
1249
3468
3491
3018
2696
3148
2791
1938
3808
2377
60
2503
3956
717
1812
2817
3420
2965
3650
80
2008
2634
3422
258
3397
2190
3992
3164
1551
2007
1314
759
2357
947
2938
1789
3978
2269
3088
3657
138
2278
38
2570
2033
1820
98
3740
537
441
3779
2715
2551
1254
3882
3921
2693
2678
368
1894
950
3552
2913
2074
2529
4081
1312
2917
970
240
3446
287
951
1039
2268
3593
1716
2409
3155
193
4060
3723
2829
3407
3889
3881
2994
852
3272
190
170
656
1012
3236
1065
1832
2415
497
1419
3328
2335
3505
252
1102
1927
2347
1356
2733
244
3054
2037
792
3800
303
3534
1443
16
4005
2951
569
2706
4027
848
3993
1470
3217
2968
1302
2305
3037
3622
1558
1697
210
978
3618
1288
1908
1705
1033
655
180
1276
1935
1158
277
2186
2460
3385
870
1219
3032
940
2370
2781
2584
1765
2301
1982
42
984
1093
3469
1269
2621
2970
3085
3726
1163
2973
27
1262
698
3138
1252
3362
514
430
2539
269
642
3232
3919
2263
754
1170
274
3230
2438
589
4028
1109
2679
3904
2954
2381
1746
2778
2720
3517
4083
3767
1823
867
3384
671
1174
3067
2436
3090
3450
711
686
3954
272
3428
1418
2897
3220
3235
1043
2192
3675
3680
1226
987
2367
1825
3212
2483
2239
1101
2899
2079
63
3845
1239
502
264
4049
1792
1365
1175
1146
3383
3281
320
235
3611
3509
183
2492
3965
3643
55
2540
1225
3024
3831
493
326
2987
3390
2142
2847
50
1717
426
4075
137
247
838
889
3419
4070
2670
3935
3110
2629
2871
608
1261
3178
2476
1292
4024
1488
1277
323
2958
292
324
2856
523
880
3647
1077
4034
3028
688
784
3486
143
2660
3603
3854
285
3733
209
1230
425
2251
462
2889
3372
2430
592
2311
1468
806
1081
495
1432
1916
2746
4007
1791
1694
1091
855
3003
2385
3171
694
355
902
581
20
943
2387
1167
2548
3538
1169
2873
2894
3866
771
2988
3718
2813
3654
3799
1367
911
2182
3729
2571
967
542
4025
1836
284
2644
3456
3645
3125
2590
1751
827
1801
478
2588
772
1608
3459
3378
3920
560
3352
1748
1433
2018
3983
3863
1318
2532
3781
1205
3331
635
508
1422
1217
2363
1368
2637
689
2085
419
3163
2908
3939
1641
3295
2700
2470
1047
3719
2654
157
1423
2299
2792
791
388
1403
1625
3967
2619
2924
4096
3840
2330
3504
2216
1115
2642
1238
2296
527
1399
1819
2989
1159
7
4011
2189
646
896
3464
3635
1541
892
1385
432
3304
1741
2692
594
1591
3571
3856
2528
2737
275
420
1634
2166
2851
4010
908
1211
389
4065
2900
774
3755
2882
3628
2343
110
2909
3674
2734
2646
2975
3097
3724
3580
2013
2358
178
3411
3461
1157
2349
3092
2506
925
1310
2303
1082
2218
761
3899
942
1991
3025
3475
2906
3937
288
679
3672
313
614
4023
1780
1265
3297
3120
2713
3625
3811
1283
840
1818
2725
2986
828
95
204
1976
3409
3275
3581
2364
3133
489
3850
2888
3931
1362
2056
3977
3404
776
3512
2885
804
3701
283
755
2520
2869
2431
3734
1824
1500
3638
3342
1851
3399
2872
936
2419
3433
3119
321
1494
2714
1431
972
2935
1396
1887
2998
257
3924
302
3903
2730
1305
2603
2802
4052
2828
1280
2271
2132
1094
3749
2238
3105
2783
3713
921
1648
2850
1417
3668
2705
3200
3482
3325
2468
1643
2573
1710
3697
2319
825
1373
3681
1907
1006
3415
2094
1932
1177
2164
1477
3766
72
1113
3873
2313
1386
2395
3199
2241
628
2517
1180
1266
2702
2874
2005
993
1899
3763
1855
616
963
116
2262
2919
236
864
1681
2922
3116
2893
4021
3180
2668
212
1847
3771
2310
118
657
549
986
2624
146
3825
1264
1375
2677
3938
2402
3677
2550
3192
3703
1201
2406
1407
1243
3193
1985
618
2497
3307
2227
4063
2389
2200
3202
3279
3022
2683
1003
2104
1892
121
2276
1036
1273
404
651
1692
421
3807
2921
1274
149
3203
2433
336
297
2527
163
945
2949
895
580
2140
3891
2841
1876
464
3975
2024
3184
2388
402
638
3462
2804
1803
3969
1425
2057
1507
3555
2344
2160
398
199
1029
2204
132
2631
3698
3033
1306
145
191
1613
2369
4003
2996
405
3803
920
3917
2697
2748
2372
3490
56
3141
2585
2775
629
3786
1049
3369
3742
1857
2833
1729
3319
558
1126
3503
248
453
3566
3443
3077
4048
3396
2940
729
2023
805
2801
976
3374
490
3900
2396
2463
2845
2649
1235
4059
2175
3102
305
1632
1080
3818
1566
2163
4057
637
2985
429
1886
579
934
1762
1569
3715
2843
783
2565
1253
1909
2103
522
559
2854
764
3890
3424
4041
3005
2726
289
3545
3827
377
125
3289
3594
2090
1268
1397
3225
869
54
1229
3541
3809
1655
3787
1124
4050
2146
3564
1662
2188
1606
3842
1359
3823
2599
802
2340
1827
2047
3621
2751
3812
255
2650
2991
2088
1891
2793
631
3880
442
1172
1160
983
3777
3020
2011
3636
1121
1311
1293
152
423
160
3991
397
3792
461
3608
1009
2392
4019
276
1361
3960
3094
1139
3501
2519
226
325
2235
3979
2711
1649
151
2747
3793
382
1022
3530
1363
3774
2107
1128
1924
1321
474
2716
2784
13
1546
3556
3201
1640
192
3286
1918
1685
2009
3358
3432
525
1881
3741
114
625
1289
3828
3744
3339
753
3006
932
219
3754
3434
1793
3247
1633
3819
1999
3972
1166
695
3417
2756
373
2785
2067
3676
205
2213
1313
1184
4053
3644
3169
3115
4093
1667
2391
2946
140
674
3804
2089
1680
1996
64
3427
3448
1030
961
1990
1775
1231
1702
1234
2772
750
1214
1898
555
3254
2607
3874
3130
1941
1148
2383
3139
2386
862
85
2569
3832
1805
1186
3849
2530
692
927
505
4084
577
1677
3987
4013
3980
2658
3363
3249
1421
3616
962
445
1129
3884
966
363
2360
412
1841
1117
3457
1711
2245
1323
3313
3772
1372
1127
1220
168
2790
948
2243
3316
3377
361
4056
1853
1088
3773
2248
728
1840
2042
3395
3816
2318
3784
3922
220
2086
3034
3639
1427
2876
1267
2150
1212
103
2536
360
3789
3886
332
1901
3045
1046
126
2903
2640
1949
4043
2288
2689
919
459
1738
3365
1904
251
3913
1410
3078
1535
1647
1850
1744
1629
1797
2948
1490
3159
2416
298
3298
3629
2183
644
3709
547
610
2382
91
1095
359
307
3664
3528
1553
538
1579
1457
3320
1635
898
1830
3013
49
2129
1369
3576
476
624
1555
2458
1381
2053
167
2414
4092
3587
2564
3620
3835
2545
3783
299
2782
4068
102
1108
2474
823
233
3500
2533
3196
3389
3801
3878
3630
3278
139
2179
1061
1463
2407
3185
444
3186
3453
3520
1406
2898
101
312
1583
3727
322
2667
2124
1528
2613
1304
2393
2703
3662
2257
317
2684
1725
3080
3958
2832
3440
1208
1464
734
3260
1364
953
2596
1590
1761
931
1545
2230
3914
3785
3296
4032
3317
3086
571
2242
3499
2861
1970
582
2602
3149
68
1328
1688
3760
2721
1213
1437
3326
793
231
221
1514
1864
1620
3560
473
2003
3329
2275
1026
2920
687
1520
1279
1604
1910
1700
2738
2862
1983
842
834
1859
621
4090
406
3558
2465
1540
1912
2127
135
2028
1200
1294
3513
1379
3579
668
2309
2662
913
1578
890
3714
184
2099
3031
1317
3574
3708
347
3204
2942
813
2378
3519
3190
3206
458
3692
3287
1661
2652
578
1664
3730
905
2770
1721
1162
1732
2768
2930
796
499
3021
752
790
1182
2157
3976
3075

