274
300
325
70
221
344
180
501
407
218
269
288
276
431
31
151
136
425
466
496
315
433
368
318
154
169
239
271
423
143
428
141
448
148
118
500
185
455
386
137
73
499
216
440
304
140
19
117
369
210
286
171
26
45
105
330
197
85
193
152
244
35
254
452
165
9
489
351
174
483
362
507
116
163
199
384
321
89
478
55
295
161
317
323
144
450
11
5
279
91
491
177
58
492
220
251
258
48
505
120
383
339
42
247
490
311
194
196
150
324
380
418
153
392
260
47
203
128
54
213
345
8
460
131
188
429
265
28
235
305
463
231
246
229
393
111
190
371
211
278
266
387
343
125
242
207
347
127
281
427
282
63
430
53
475
451
435
289
176
209
479
39
485
69
262
467
201
179
349
486
284
357
106
30
15
434
43
182
170
227
462
183
215
250
241
436
145
342
240
112
226
457
146
205
414
301
512
320
155
277
359
230
88
296
354
510
114
130
200
261
22
297
331
142
109
449
208
98
358
204
335
413
122
390
195
233
259
236
346
115
291
355
294
456
33
312
7
356
484
469
41
186
52
400
299
408
21
482
373
509
352
398
283
472
327
372
494
421
164
272
461
287
442
437
495
306
99
248
40
162
20
108
502
1
212
192
340
267
149
60
402
75
103
71
444
405
336
409
459
44
237
454
303
470
92
135
468
160
123
17
419
264
68
329
263
77
416
424
138
426
133
412
223
381
480
350
326
158
119
173
228
67
157
224
249
453
360
66
316
411
23
506
338
214
394
124
458
206
388
476
113
309
187
308
134
280
438
471
84
129
474
256
378
498
273
139
238
191
97
332
422
198
72
37
508
275
255
18
415
12
184
245
307
333
293
74
257
81
389
328
298
410
511
334
79
6
493
404
445
46
441
420
10
64
504
319
477
100
3
27
374
314
302
376
29
443
310
202
290
417
24
178
253
399
395
50
38
481
61
25
93
497
217
396
189
341
121
49
51
175
61
367
439
96
167
110
2
488
322
14
252
232
397
82
292
447
56
337
225
348
57
132
370
446
107
159
364
365
166
375
361
59
432
353
90
80
65
377
86
391
473
78
379
76
102
36
382
403
34
219
13
126
104
268
234
285
401
147
101
95
94
172
156
464
270
168
363
222
16
487
83
87
366
243
313
32
385
4
181
503
465
406

