904
1261
274
2966
147
5018
2611
6460
5036
471
4023
3890
2447
6889
490
6948
1021
2449
2240
2110
5716
1363
5882
1377
5332
3596
401
2021
1619
2286
375
159
7163
2354
276
155
4035
5319
3932
6784
1156
578
1958
3708
1684
6292
391
5331
6312
1914
1154
2440
2276
2405
7828
5339
8179
6960
5540
2423
4203
1016
4338
3827
3781
4697
243
5611
2775
4058
2733
4070
468
3162
4346
1177
3940
6425
6791
4577
5648
1076
2934
872
4802
7186
4105
7348
4454
7871
1429
5782
2469
903
4726
4081
7453
2536
7779
4362
3210
4891
626
898
873
4597
6602
3127
5014
1565
6069
4047
427
7211
6694
6872
8062
6502
494
501
834
844
2807
2085
4755
6858
85
4141
5378
4235
7257
671
2816
4341
6282
175
2443
5928
3479
7535
4881
1334
5480
921
3107
3307
941
6738
5296
5517
6535
7551
6430
5583
7595
7064
5742
2420
4096
5438
5582
6278
2630
2990
1039
3137
2509
447
201
3541
1767
5651
825
4321
4024
878
957
4385
290
5784
5397
1812
5453
692
587
555
2084
1478
2889
3093
1046
7311
3304
2838
6612
4812
900
1036
7600
4429
1474
1778
3589
1246
3285
8160
1753
5666
4430
1014
6121
735
6028
7212
1191
6414
6346
1266
4373
1511
895
7009
7742
3495
4463
3718
4135
3773
5534
7823
10
1108
3051
4773
7164
3489
843
5710
5941
4798
3165
2201
7316
5753
6865
1683
6144
2023
6159
2770
2144
6354
6620
1690
5758
245
3510
1545
2713
451
7366
6990
7070
380
294
7402
2368
6850
2683
1927
2758
4159
3464
3726
5006
5811
948
430
4487
6429
1238
2401
795
684
2706
6049
2615
3918
3720
2680
466
5551
7430
1225
7864
4379
3384
443
5272
1204
4339
5053
3164
6125
5874
508
3975
3193
7480
5441
128
5609
4271
2025
2973
2148
1151
381
483
496
7419
6242
944
3722
6256
6139
643
1926
4663
6572
2050
4188
5408
8189
5031
5865
7325
8150
6003
876
568
2247
5194
864
6611
4386
4151
5553
398
2849
7572
1945
223
547
3458
6117
5703
1441
2898
4318
7937
828
3191
1497
5050
2918
7532
2231
839
2031
5691
3747
260
1685
1960
5442
2150
6875
6219
328
5020
5300
3804
4247
3521
3166
5809
2510
1828
3526
3669
3364
6116
1773
481
2555
7631
4344
1140
5910
1765
1742
3472
5403
6489
7979
7214
6690
4594
6842
5113
1220
6553
2681
7830
7455
6550
1780
3888
5138
5640
5766
4258
2587
1004
4954
2392
1011
5074
439
691
5371
7011
2810
4850
2287
3222
5927
3362
689
6624
2065
3432
5575
1188
295
377
2054
3453
3021
4036
3523
5248
1845
7367
6479
7148
6814
8092
3391
1126
4437
432
2653
7869
718
3119
7329
2015
4211
4470
5514
4482
4411
1186
4073
3022
1259
1823
5029
8053
3960
1109
5056
1183
2708
5578
5906
2063
1274
4054
2662
2622
2819
4992
6437
2274
6799
5820
2442
563
5070
4765
7570
2926
2186
3784
5257
3995
1907
5736
1567
4964
26
4314
4745
5962
2448
1141
7598
4629
2348
385
624
342
615
2016
8156
919
3672
3622
156
520
1935
2299
3445
2855
4210
7369
6410
6236
3402
2690
4118
4085
3040
5467
6170
7496
53
1844
4319
3358
1876
7269
1557
6934
7951
5143
6772
6004
6779
1187
5959
3150
5774
5489
6725
6616
1682
2291
7089
7539
7332
3381
678
7001
3284
1532
7542
7420
2629
583
6587
972
1587
160
4006
302
3265
7684
1672
3256
2243
6501
808
6202
4128
4137
2106
8057
3401
3540
1862
560
6984
3501
8157
3422
2658
3423
3971
2917
3815
7764
7561
538
4512
4351
7326
3679
721
5576
518
7670
4748
4630
5274
3634
1738
2463
6581
5250
1715
1388
2800
1678
3609
157
5597
7422
4322
3920
2773
6618
4459
1513
5730
1882
5177
5249
2058
293
6763
2755
3215
6263
255
4876
7571
3613
5853
3624
3831
4223
1349
7328
4496
7363
6929
4614
3142
7741
3561
2526
2124
7729
1495
6182
415
1065
2840
6358
7227
338
384
4805
3878
6487
2702
1219
3997
3548
6454
4422
5326
6055
7825
5324
936
2887
8129
3660
1493
1269
3426
4078
849
2600
2426
2727
7004
4104
6897
882
7671
345
2098
1718
3228
6399
6262
4502
6859
2824
5903
3626
2782
1223
787
5320
7778
1401
4637
2129
772
6949
63
7042
1771
7294
2550
1911
926
2881
748
1197
7915
6873
647
5481
1519
6933
435
2641
58
2162
7801
705
4220
3544
6373
3689
2694
1392
1116
1993
649
4589
5931
2444
404
3657
2909
5063
5792
1585
814
2314
1339
7152
4708
4360
5012
3809
3514
5841
7941
2485
1978
4190
5760
3838
5664
1814
1898
894
4870
1633
7342
7593
5454
2618
5340
7138
2644
2141
7006
3094
2197
2244
7251
145
822
8063
4767
1283
4061
3874
7146
6910
1247
8032
1617
2494
541
6178
5963
6323
1383
3237
1634
4806
6534
5118
5033
7568
542
2505
2901
745
7072
6864
1864
1509
2068
2321
946
4479
4604
3797
2267
464
4252
2020
5333
2561
7345
356
881
2882
940
1649
3425
2046
3543
6426
2606
905
7304
1464
238
2268
4768
1361
3671
7491
3420
1795
3185
1017
1984
2412
4216
7917
2749
5622
6
3850
134
7512
3064
5110
3504
1733
6448
7262
2776
4168
7804
7540
2180
1454
1953
1614
1008
2191
6640
5940
4298
2493
4336
1821
5500
2673
1668
3061
5612
3700
2940
2636
1145
3937
2906
3225
5398
5571
7126
2311
3056
7448
4800
4300
1193
7811
3205
6994
7161
7735
5661
4664
2312
2905
7220
1912
5155
3046
1083
146
8009
656
5675
4513
2884
1677
2206
3010
3301
3246
1965
2384
6500
4393
4472
6390
1252
4110
2320
5860
4922
418
7576
486
5918
5270
2211
264
6968
1725
3259
5381
2638
4885
7355
79
1086
1592
6411
1161
1822
562
5510
6147
3935
3403
4857
6417
4438
3826
4287
1366
39
4234
5094
2230
254
6509
7193
817
7899
395
1149
3658
797
1199
860
6888
5562
3701
7793
5531
2138
1837
1351
173
683
3233
5606
4094
7986
6893
2671
1646
5164
2985
6277
2275
546
5974
4439
2205
3461
7774
1846
952
1576
6965
1023
1531
3986
1069
1559
5242
657
2288
5607
513
3846
848
2427
1974
911
1547
5978
6749
685
3949
5402
2143
2744
1990
6456
4399
2724
7437
6184
1202
1774
2214
6291
7697
6266
953
7309
6668
3434
1957
4468
5426
7085
2293
5925
4042
4737
7640
7038
5781
5315
3308
7618
1759
1580
3074
1593
3028
2689
7620
4221
1502
3904
5169
2784
1050
789
4095
5857
4473
5291
4807
1818
2132
4980
1693
4611
1103
4752
2692
7662
2489
6036
8121
524
4796
6177
2345
6317
2818
4886
2225
1600
473
4134
780
2581
7454
937
2794
2009
1015
5117
6876
7829
2891
6518
5173
31
4269
343
7256
7692
3712
6573
4819
2279
3357
5935
7352
4821
7392
4443
4327
1359
3604
4415
1530
3377
7153
7375
3152
4467
2302
7797
2795
5564
5361
7619
1561
7249
5495
1178
4065
2738
1710
2157
1916
4400
2285
5474
5275
2864
3016
5304
1438
1203
2805
5526
1119
4753
4809
3485
1782
633
2154
5708
4618
4083
4236
7633
7810
586
7737
2707
4962
2001
1772
2983
821
1237
5009
2325
326
5550
1661
5126
7339
1808
1551
5859
2518
7297
1381
1985
3336
5522
7046
3206
977
7783
3525
3175
1173
3785
5120
2309
1336
7627
4687
572
5718
5060
2848
4937
3746
2126
4352
4000
7702
6783
4254
2200
1059
1537
7813
7903
4519
5209
708
3190
4357
6697
4193
6498
6513
6464
2486
4507
4481
5059
3803
2822
2173
1654
7031
4145
7225
1002
5075
4340
4410
1200
7270
1838
1118
3825
7125
1674
5505
4910
6803
2972
5226
6592
3799
3954
3640
6993
5830
3459
1669
3568
7959
1988
7796
1465
3587
5769
7343
5506
1217
1701
4534
7336
1362
407
5025
3214
6629
3114
5187
1578
6554
7203
2441
2208
4640
4497
6042
1313
4566
3547
1556
7093
6560
6530
248
3770
5460
4570
2080
759
3240
437
2064
2212
4786
1526
2169
1040
4185
7048
6051
2269
3033
6580
2970
7075
2513
7238
3242
648
1962
4062
4369
1496
7836
6717
2280
2003
6034
3455
6877
1228
2289
3078
1028
4632
7867
3058
598
4996
4283
6275
7104
5161
4524
2078
1647
4133
2552
6295
5269
6816
6334
6356
3858
1453
29
4197
4801
4345
3820
4477
2924
7821
5176
7451
2475
1297
1624
1137
5584
4944
6882
2623
6510
2931
262
2836
5776
3906
1302
7180
6265
4702
5011
3830
2785
309
4301
3435
288
4092
491
2921
5552
2115
3141
2521
470
1332
429
723
7952
4116
7776
5193
5585
6956
2095
2725
1696
6461
1656
4970
2975
6879
6521
5751
2083
1871
6137
121
1396
5151
5181
4606
392
3924
2964
3229
5400
6168
144
1740
791
2304
4701
4299
2801
5288
7790
3248
2674
5864
472
3325
6364
7564
3563
7887
3290
1092
4598
3692
2996
2551
5485
5284
6801
6087
4838
6718
5567
1758
4831
3793
7862
2128
8033
6247
2798
2298
7088
2756
4965
5347
2283
747
4678
1070
2748
1639
6129
2366
1134
2092
3333
7054
1089
3415
1577
603
1563
2976
7370
3052
3161
6590
779
6244
5555
978
2362
3274
1421
6774
4766
3567
1920
4720
7948
995
4480
7527
2812
4397
2378
6969
5327
5982
7081
2177
7582
4567
3140
6867
5212
6477
4240
6700
3039
1756
4641
2137
3048
7179
608
6958
12
3083
6894
1763
1344
2621
1870
596
3144
5875
2899
3332
5647
296
446
3903
6181
1164
3653
7383
6764
7201
6104
2418
7978
743
7501
7030
2203
3326
4064
7013
8075
2480
6817
1376
8067
3889
6951
286
3029
6739
7710
4426
4924
2013
4820
719
6600
5401
2843
2994
2474
7015
5916
2625
7960
1095
5768
4942
3599
2061
5602
6241
3678
7192
966
4826
7690
7112
1026
5682
5342
100
7063
1760
6669
3779
7708
99
6983
1553
3154
701
5160
993
3532
5299
884
1255
139
1794
1458
1215
5007
6823
2034
2771
2613
5184
6711
2519
3410
2646
2596
3680
6285
1904
5554
964
5136
1720
4595
7382
214
3925
6740
3063
7142
229
3966
2779
3438
1807
5455
4968
413
7456
4034
6623
539
1222
4578
2503
2355
2507
975
4549
126
5633
6735
2397
593
3824
2563
2710
2965
2750
5068
5479
4317
7769
383
6100
1030
6766
6655
4205
752
4617
3201
6123
3915
7350
5346
2152
8039
3146
5727
6839
731
93
4179
1311
2322
3877
4884
734
3651
6989
619
5470
6203
3394
6085
2853
3004
7883
5536
7187
2224
2584
592
1310
6225
2446
5325
835
7949
2969
654
6172
3160
4176
6755
5846
4646
4433
5236
7936
1160
2572
2757
4005
2088
5196
737
4087
2471
1072
3694
3360
7381
4868
1866
6484
3178
3131
6343
7129
71
1312
3662
2888
3329
5238
4004
1104
6666
805
3120
3186
3572
7025
1861
4207
212
6224
1245
1067
3955
8076
3836
6243
6161
7855
923
1739
7588
4985
892
8173
6030
2324
2112
3311
3011
4734
1080
1706
4974
1094
3814
4509
1436
663
8072
3620
2395
3138
2737
4420
5362
233
119
477
1074
1460
6352
1249
168
3917
2096
450
931
2936
2029
7770
5150
5114
8120
5163
2399
6549
7477
516
4140
4162
3440
5129
1869
6421
4731
2300
1477
7156
6294
5449
576
861
7222
6710
7232
322
6021
3637
2120
6886
1766
7321
2370
5863
3592
3962
7560
706
4680
2993
711
1299
6459
7215
2372
1414
3929
8132
4456
1905
1894
5465
4836
7039
5494
2237
713
6943
94
166
6891
4103
1265
4528
4498
3870
3330
4639
588
2890
7820
1994
2501
3732
3145
3516
3512
2017
467
7743
3045
5373
2515
1170
6689
3484
6546
171
1562
669
2762
6153
3560
1101
6576
6467
3275
151
2263
1875
3295
6594
3871
4117
3529
7175
5598
7904
3116
2875
4048
510
1476
2121
3059
4508
7808
4596
6796
522
5991
19
1736
3843
2769
7824
6400
2356
5273
4526
3817
4121
1168
2032
2514
7067
4696
6976
1952
2409
5810
1057
1554
5244
2608
7036
3344
5794
2872
7057
7113
189
3382
7436
1485
3783
5819
7826
1467
2540
4635
1653
2903
1900
3883
2591
7255
3121
4102
1596
1413
4291
8093
1689
7500
1941
2052
6098
1285
1657
3778
3038
1127
4367
4001
3012
2723
2379
5943
1172
7981
7927
5415
4474
6192
5884
3181
974
332
607
7798
4251
8138
1570
7760
6583
7463
3531
3928
7216
298
883
182
1854
8054
3840
6201
5788
5461
4583
991
3639
3988
3943
4364
5847
4951
5938
45
8036
853
1640
34
3424
4209
3383
4816
3765
6544
7997
6595
7330
5472
8004
117
5872
7722
1528
2634
2484
6092
5921
3769
6992
7901
2809
4214
2018
1439
3092
7181
4541
3030
6935
2879
1989
7124
515
1810
3780
6191
1878
3337
7652
2774
7964
8007
222
3614
497
3292
7889
6944
1743
1992
1077
11
796
6693
1022
253
3001
3220
2753
4815
1757
5838
3682
3842
7182
4082
871
8141
7647
2371
56
3745
3342
5870
5804
1236
3346
1139
7922
2234
1708
3923
2716
4936
3183
4401
13
5432
6080
7766
1779
6927
6061
6746
2087
3524
5977
794
2602
3136
1084
1307
4172
1411
6062
4517
16
4849
3970
5289
7110
5153
2332
7575
2655
310
930
7312
7524
2731
2406
6272
52
5372
5868
7177
5080
6811
4325
1928
6113
6204
6056
5501
3674
6449
18
982
4148
506
3077
7441
164
1777
1853
4783
6009
5098
4973
4658
1417
1591
3791
1391
2612
3860
6450
4586
1144
1940
4465
8024
236
5363
1444
6331
7689
3179
6905
3855
536
7373
7095
1062
4727
485
6207
7758
7976
5532
5404
1631
2499
1597
968
2033
7674
3227
6707
1852
7460
3254
327
6685
2508
1790
3469
6058
3373
2404
2666
7687
6463
7236
7259
4903
6394
5365
1064
644
803
4963
3963
8066
5953
378
2004
3365
125
7853
8080
3451
5568
8142
5843
2235
1045
3278
3713
6398
1162
529
5560
4792
5135
6166
4608
4808
7007
7533
4288
2093
3251
901
2923
48
1956
6672
2754
3017
2317
4089
1874
651
8088
6360
3837
5596
4194
3298
3887
5279
227
4091
2786
3728
6973
4707
3102
5195
7994
2699
6686
5022
2828
89
6630
4958
3978
3306
8143
8045
6558
2789
5061
2424
3913
6584
1825
4905
97
3581
5886
5619
7854
6428
4007
1899
6807
6715
4977
6287
5999
1005
6308
863
6699
3037
5711
1851
213
341
4846
5558
2820
4022
27
5424
7849
2315
842
8176
281
207
4793
4843
7080
6083
7317
1038
2067
5112
3361
4914
3449
6057
1324
810
7831
1434
219
188
3149
6703
1506
140
5956
4392
2305
1723
2542
2216
5818
1769
5232
6932
1784
2914
2633
2382
6102
6415
2030
3919
4191
2670
3055
4326
5462
3649
1049
3400
1130
6119
1258
3487
1665
5790
6451
990
8118
6673
1605
4540
5256
4017
5385
7144
6223
7354
6841
2562
3075
3703
2193
4601
3124
1645
838
7435
2055
4309
6532
1234
7714
3652
4703
7452
3314
4424
3981
6909
7767
1214
6745
4493
4915
5871
3148
3519
3916
5064
5204
3885
1521
5230
7119
1638
4527
3044
1387
7018
1918
7732
3585
5297
3134
3953
6260
3195
360
1889
4666
5814
3003
6730
2593
6628
674
5513
7281
363
811
6806
1279
232
1428
2545
7012
1655
7360
6044
6539
6138
2825
5246
4361
2791
6231
2953
7024
2522
2579
6131
4419
5105
5613
4355
6227
4144
6687
7802
3476
2989
2684
3882
4990
6937
5869
2246
1836
6188
1013
3416
1278
2183
1929
7545
2814
3032
5793
7833
1272
6313
6447
1244
350
3238
1231
3506
6007
4931
2027
2628
3163
4759
2101
1552
1499
5834
3319
4387
6907
2747
8191
4334
910
3983
2968
2155
211
6404
5101
3276
6845
812
763
3665
581
6409
836
5866
2787
3642
526
495
5293
1979
7310
7151
4599
5259
3938
6527
1747
6555
3493
2433
5642
3909
1732
3872
4090
2804
2682
6088
2422
4324
2868
3936
6997
7731
4941
3157
2398
2483
6198
206
7335
91
4253
3352
8058
584
6491
1331
5844
6582
465
6228
6389
1734
4911
4718
5170
2253
3264
7397
3709
2123
4925
5779
4289
4329
6146
6468
517
1326
6090
7685
4686
4445
5235
5374
1
3015
2217
434
3735
2977
3209
5985
4873
1650
769
5605
762
7667
2558
5329
2376
7673
3566
8131
366
5042
1410
4432
498
1091
1564
1455
2962
1735
480
3786
6412
2006
3303
4499
6982
4245
2696
6274
417
5425
7615
3020
5673
3399
179
4803
2374
1319
6840
3571
2639
6529
1811
476
785
1632
5764
6261
924
4673
3043
2007
673
4464
54
6296
5876
1010
7955
6297
6175
866
5496
2278
5511
5354
3235
2116
6355
7459
4276
441
7558
3463
1418
4624
7763
7841
2693
5294
3729
2974
891
7103
3845
6896
5990
5328
3659
192
258
240
7218
2616
2705
4602
3612
5482
2081
551
6309
6972
6235
8103
746
8139
4769
1797
6213
2896
3363
7286
2257
4983
4730
3467
3719
5038
2218
3334
122
1872
7235
628
6353
2720
132
4405
313
3538
6093
1079
5508
2880
3654
5707
2024
5723
4896
7481
422
7189
4043
4281
2742
3598
4173
5951
3397
1235
2292
545
1635
3621
5980
5683
5055
4670
6018
5693
271
4824
6895
4436
7423
5305
2295
5241
1229
8047
1719
870
409
7930
620
1885
2207
7344
5127
3232
840
3545
3990
1093
3171
7145
7610
8056
7578
6890
2410
2400
5987
5948
7651
6276
2127
695
7757
2105
1018
865
6734
2457
7837
3705
999
1251
1660
4565
2265
4021
5890
3057
1700
4475
754
3474
3180
4167
1469
7033
8166
3950
4742
78
7361
570
3367
767
5069
5367
3386
4839
686
7907
874
6856
4569
5263
4810
4674
1355
6565
7349
7359
867
7464
6165
782
639
3069
2598
3168
4316
7596
3723
2649
5322
4717
5566
8097
1792
1788
4272
2259
7245
7000
7912
3076
3894
1972
6737
3515
2242
5700
4031
4448
7115
2146
5189
2811
5741
4605
7528
3241
2847
1370
3697
5422
5052
5158
5336
4066
715
6837
1019
5067
4829
4949
6045
4050
6363
3226
3987
3968
4076
3115
7965
1029
3172
6304
6359
1390
6079
3737
3204
7293
8087
3270
4461
3262
4088
3823
2533
7043
5881
7468
5543
6667
2468
1305
2340
359
7583
3748
6074
4865
6568
3349
2349
6215
7698
6504
4354
1195
5695
3582
7603
5352
575
622
6002
5254
4627
2437
406
4902
5271
226
3339
5721
7351
7027
346
2060
3552
6942
5507
5376
5166
453
3801
7308
4689
5789
6135
5237
3513
1809
3508
4563
7051
2852
5310
7207
6912
1211
2894
2388
3444
8005
3934
3605
1201
4143
4267
6917
4045
3372
6771
3644
5418
8021
6141
7992
1322
1318
2532
137
7307
6777
7165
5836
1459
8001
3866
7073
6027
5586
7866
7759
6054
2439
4165
6094
4725
5817
3509
2527
412
5491
4711
8112
1143
6765
6962
4264
7993
3250
2873
2783
1800
709
6025
4441
4739
2167
3863
2958
1522
4126
4111
4971
6052
92
4305
4691
2056
7895
1621
6253
2051
7389
1277
210
3996
6543
7178
4692
5759
2099
5934
655
4380
462
5950
5998
5746
6089
3573
444
8019
1888
658
5663
8078
4312
6846
5313
3177
5423
4551
519
4109
7465
2734
3795
3473
3097
3685
2647
6006
7573
4823
220
5387
778
8029
3478
7679
3153
7740
6388
6538
135
2477
2813
5852
1991
6999
7098
3034
5728
6433
7654
3327
2103
5907
3338
7601
5103
5516
3677
8022
5099
8181
1335
1934
6731
3322
4576
4587
2094
150
5233
6818
25
571
2413
3985
4260
7699
1110
6196
6723
3243
3631
6259
4699
3607
4072
6481
5701
2222
7209
7170
1286
2176
4621
5757
1970
4270
6338
845
6798
22
653
5409
6866
4313
7617
5147
6357
1863
4799
172
1536
6444
3597
257
7848
1921
634
6115
8011
1968
5599
4358
2549
7614
4277
3632
2537
3961
3108
1317
4984
6903
6071
5464
4248
1932
7393
4120
5146
3752
3309
209
4776
49
4934
3790
6332
4171
6047
5968
5856
4359
1346
3742
2610
6615
3354
3492
3686
1544
5416
1000
1938
1386
3683
4489
1181
614
2517
929
3965
6254
7817
3926
2215
5380
7526
2194
4353
8013
6815
544
44
717
4585
393
4712
3616
4897
6797
4579
5366
5186
321
5524
7244
5411
5828
549
6132
7395
5013
7649
8185
3832
4955
7748
3564
3109
3491
3192
7405
3483
6345
5914
7267
566
4051
3606
354
279
6020
7147
5382
7248
4743
6528
4554
2715
2714
2104
5490
3551
5561
7589
7814
2709
3260
5175
2318
1309
2233
2057
1415
5107
1189
6916
7320
6374
6776
73
6162
1855
1276
3782
632
5463
1692
3794
714
2981
3184
527
67
1461
4146
3655
324
2364
336
6536
4593
4483
5717
2019
7900
199
3774
6515
2577
61
4
1373
6966
5778
6985
783
5825
5634
1727
6257
7605
329
4037
5065
609
3806
1129
5386
5787
2585
2082
629
1124
2187
3369
365
1857
6230
3666
4212
4208
5888
1535
3942
2360
3727
580
4296
8122
7746
7298
4989
3816
738
2145
1423
1841
6706
5410
2456
7102
666
5359
5813
5358
2147
4649
256
4485
6826
4945
3387
7677
3895
3404
195
8014
1886
7299
4552
3702
2695
7429
1248
6475
3741
277
3312
4659
2149
2700
4230
3345
2038
3187
5952
1925
3643
289
4774
5617
4462
186
3289
4019
1663
3348
7868
2827
2076
202
4372
6284
5839
4155
2467
1112
1805
5533
7076
4421
727
528
850
2952
3378
8177
4402
3800
6441
4227
2130
7884
7623
3517
3376
2991
7962
1799
4856
2556
1944
1440
5816
804
6106
6931
3427
7470
4228
372
5637
6383
6788
5356
2476
1052
3421
6267
6851
3880
5446
6742
4652
1047
7418
3324
4390
3875
7520
6678
7143
2164
3253
7958
1078
4694
7555
3901
7586
4827
4681
5754
7711
282
3899
2835
6427
3907
2495
4780
7929
3625
2803
3556
1880
967
2010
7632
998
3977
2254
4781
6980
525
4536
7753
3067
7149
4562
969
6514
1342
6831
4967
4700
1748
7210
5972
5003
2595
2528
2946
6271
3035
2204
5643
1316
1534
311
1447
4016
6987
1463
6653
479
7082
8106
6782
5577
3731
4084
4044
6716
4523
7765
246
7508
5672
2743
1996
5893
6522
47
8064
1192
7068
6526
2393
6603
1341
1518
5191
1868
4375
829
4290
5733
6636
3857
181
1337
4460
4521
3503
2915
3670
6792
228
5026
4131
5806
4749
2438
2928
6031
7313
577
3583
2913
6885
2436
610
6264
3869
353
5686
7041
4787
4213
1902
7391
5165
7956
3994
790
6714
3574
1730
3788
5791
2228
1785
1917
2846
6609
4972
6517
1826
5268
4860
4775
6419
4222
8017
1088
4174
5498
7376
5726
2135
2089
2111
4114
4457
3908
3297
2736
433
5699
7639
1209
1951
224
194
7695
5433
776
6805
1404
5345
5139
5889
4709
1829
2830
4785
5071
7556
1457
349
700
1424
6311
3244
5019
3009
6134
1892
1549
4909
6617
1850
4545
1380
5729
2948
5755
7641
2381
1716
4733
3629
6222
7198
6189
4625
4186
4106
7942
3776
1033
388
87
6768
41
4408
6883
4311
1590
5323
6038
5021
3013
3156
3194
317
3396
136
1224
2907
6164
425
7200
6314
4494
8183
1325
6695
5488
7413
5431
4391
1848
4286
5001
1020
2863
1801
6626
4840
6562
1525
6307
1540
5062
3992
3630
4553
2792
4685
4918
5261
4453
112
2604
6954
59
5995
650
6684
6327
66
4533
1893
2573
5515
1075
2049
5915
2959
1903
2026
5286
5849
2161
3000
1842
1948
4698
4542
4956
3957
4446
6472
6128
4476
170
5043
1714
1761
3130
4413
1450
2547
7489
868
6458
618
55
7835
5656
3499
7701
4259
7909
374
7045
2454
5912
4169
3113
3749
4899
1437
292
6959
1216
2316
7926
2984
5763
4154
4764
426
6847
3518
4848
1426
2452
1627
7503
2999
3211
6154
6171
2431
4581
5559
2455
8155
4656
6709
6152
3558
6436
2139
7224
2929
2407
6986
623
4532
1611
249
6787
3812
5911
2601
297
781
4452
5544
3347
5719
6078
6880
6913
932
5848
7925
7966
7478
6712
6107
6963
2344
2524
1514
4057
3099
1105
266
127
6024
1382
5705
7762
2765
4741
1896
7953
4246
7202
4225
2599
5929
7494
6082
750
6127
2947
2520
1679
7474
606
6402
1930
4503
8115
2134
1155
3481
4292
7404
259
4451
124
8048
5267
7424
8070
7530
2464
3641
3584
3117
5405
5239
4654
6961
4500
1374
7485
6680
2582
3716
314
7616
4982
7372
6762
4997
677
7554
2580
5148
1724
7518
2367
3462
5283
4616
6563
1555
3082
3520
8077
5228
4071
420
7137
2767
5949
6632
4607
1210
6068
5123
4403
6469
4224
7538
771
7462
7891
4417
4122
6836
28
4550
5174
1699
7553
5338
6832
4728
6625
7989
5620
153
3095
3859
2728
2319
4867
1541
5140
109
5044
2434
4342
7469
205
6185
4620
2323
5878
1408
6086
2419
51
5255
2512
8172
7739
3111
4370
7017
1709
3921
4284
3223
7851
6300
3413
2430
6318
3868
3176
2336
5523
4238
3808
798
3025
2751
1877
7140
1987
7897
7414
5873
2941
7581
5722
5988
5430
5983
5066
601
1148
1462
6649
5604
2213
6819
1881
1260
3886
270
7566
4613
3744
1648
8095
5010
1480
7543
5054
4242
7716
851
5752
7276
6610
7984
3245
1301
2539
4957
7279
7645
4814
4306
1982
7939
6112
5309
3635
4008
2978
5487
36
7365
6140
2764
5706
1806
6252
7086
912
4263
7557
6756
5335
2271
793
130
697
4491
6751
6952
4832
2190
5946
1659
7656
1345
4356
6884
5588
1402
1121
1358
5124
2656
3300
1897
6362
3969
4181
2066
335
7431
4478
1300
2841
3213
5748
1573
6375
70
5144
6156
4959
3125
6446
7127
1433
5015
733
6682
2363
131
198
8151
4192
2478
6151
5179
1158
8104
3964
2482
4377
1232
6953
4763
6540
6333
4756
1163
744
6160
5182
2014
7197
6016
6218
5822
7409
4548
7154
1883
4988
40
387
1908
4672
7265
681
831
7799
4250
2763
7935
5456
1817
1182
1566
7458
8137
6011
3103
334
4628
8116
6495
2270
2044
358
5913
3647
5595
5922
5290
4844
602
533
5880
7285
421
5905
5048
7945
1443
6683
7913
2660
2954
2182
676
1180
1581
5017
7410
3350
985
7318
1568
1263
7781
1707
315
7295
5295
2871
3341
1680
5436
2675
4257
5971
7546
3085
95
8086
6519
857
4033
7258
2166
4365
5008
1166
3862
5214
2125
4153
2179
1524
6423
8050
5229
625
4398
2902
5027
5307
1691
5624
7134
4285
6559
2072
5086
5379
7733
493
8113
3699
6505
6925
7882
4817
6392
1745
6017
3687
7457
4112
7399
768
5580
7191
8148
5709
4822
3798
3755
3054
1815
5601
6084
5780
7977
348
7174
2916
3465
8010
7626
4243
7331
4695
7562
4797
4123
4704
1641
3080
642
5046
4449
5351
3170
5509
6704
7780
4636
725
3807
1066
6179
2347
7166
604
4049
2687
4307
2664
7648
3912
8110
4864
981
1494
1123
7923
2079
138
5077
6828
2282
6393
3328
7296
6438
4740
2883
4582
482
3452
6998
3353
4906
4615
4012
7053
1472
590
7628
7694
5475
2002
1403
6209
4953
3948
2266
42
3739
5130
3750
6076
3
2760
1198
3537
5626
5125
504
7816
856
4975
3757
1721
88
301
7099
6336
1612
5796
2249
1762
6914
2361
7536
1915
6950
1750
7356
5724
3603
1176
3565
14
617
72
7537
557
6063
2823
4917
6210
7169
8049
3200
4600
773
1207
3407
4591
7987
3018
6793
4575
4853
3380
638
5091
5100
3751
7484
5678
3933
6416
4409
5879
5831
1658
6440
4020
611
2504
893
1466
8159
2221
5395
4337
2778
2047
1147
2609
2535
5537
7097
5213
4935
6212
7905
3717
4157
3998
1642
7646
2071
1664
423
6512
2860
6854
1369
3884
5109
5219
1704
3139
5737
2414
7890
4677
6860
3212
6874
7284
3106
221
7818
7505
2711
2679
6273
7577
1479
6729
1111
4644
6303
3618
2516
5439
101
2351
445
3368
2209
390
7971
826
933
4275
1913
330
3036
7727
6013
268
4993
6167
6361
5089
1737
2210
118
6408
2640
7999
3696
2869
6486
554
7773
621
411
8028
2546
2998
5992
4149
5799
4040
1859
7954
5777
1839
6619
5081
3466
6732
5993
1085
2258
7303
2586
4389
3072
2685
2091
1751
3976
5220
7263
5292
7173
7059
1670
5623
2416
2780
514
1834
458
6482
4368
7924
1315
4187
992
5417
5618
7663
3272
5572
2294
6663
6120
7744
2174
2837
1102
7315
4229
4751
3559
7880
5896
5744
4486
1208
5984
8083
1971
6158
2893
3098
3457
7944
7717
7585
4622
3601
3313
6748
1924
230
5132
3221
5183
4757
1371
2845
2802
5205
4564
7892
2730
1090
830
7055
7844
1937
3468
1153
8168
5756
177
7709
2481
2357
2806
96
1031
7775
7487
5085
7725
5090
158
1206
5445
950
333
7380
764
1575
1976
1981
3761
7347
7625
7683
5545
7287
362
4177
7516
973
7171
5280
1281
2678
7338
659
2732
2741
5808
2339
2781
69
5260
1445
6977
7319
6804
2912
509
3989
6157
6233
6926
4241
4093
6601
6494
4845
6808
5919
1819
2306
5203
5668
5807
7839
665
6280
7432
5692
5690
2826
5119
766
5082
7870
500
7559
6946
5247
6835
1949
2565
8025
7730
7160
436
6750
2850
5133
710
3844
4525
5891
440
1218
5897
5747
6567
148
7755
2165
7519
2202
1966
1754
4180
5084
4371
3600
8123
278
6571
5909
2220
1416
7752
942
605
1298
1517
2445
7511
6066
2290
4735
7014
4916
5590
1352
1053
5037
2777
4991
6598
4055
6008
3675
7973
749
6041
6537
7604
7028
4514
2829
163
196
6648
2960
7857
86
6208
6570
1267
2651
7305
3743
6971
7534
3839
3608
5503
3042
5973
3068
996
736
4538
74
6216
800
2704
6478
1975
760
6902
2226
5504
1357
3050
1393
2717
7666
1035
3405
488
3007
6369
2465
786
1115
2375
6384
6283
8061
5715
6245
3905
2473
1865
4938
5028
8073
2488
5908
2588
478
7368
2697
3320
3155
5635
7272
6462
4161
3914
3570
7390
7579
1048
3219
6064
5413
6324
7047
6936
6379
2195
6507
5694
4568
5654
7426
499
693
7324
869
4638
662
5318
4280
7482
6022
3763
6397
1622
2900
5625
5428
3930
3073
7723
3590
32
7415
5145
7091
970
3854
4688
3086
4374
6200
984
2113
2648
1686
1271
5960
2817
7221
7479
7184
8158
65
7364
3974
5262
5593
7734
5877
5198
8117
6126
7159
5281
492
753
111
5591
6758
1630
7449
505
807
7863
5965
3202
2252
4879
1936
5685
6217
5989
6344
8186
3196
7787
5452
8107
8060
6406
3911
3271
4261
1133
1296
7665
7789
4952
1174
5435
880
5541
2069
939
5885
6249
5696
7858
6492
347
4027
7594
1579
4947
7688
2620
6234
846
6371
1856
7034
2650
187
6781
1919
7809
1666
5829
4099
3952
4724
3941
459
8091
6604
675
6981
6596
6205
7728
7655
7231
531
627
2667
806
5770
3414
1422
4961
7190
3101
6060
4779
4189
7786
4129
7416
272
2383
6108
8152
1538
6473
6921
5614
8165
2462
1431
2895
5660
5251
396
7637
5394
8125
1081
4928
1288
837
2832
4331
141
5225
4164
712
2557
325
5579
594
4434
3511
4994
841
3430
5302
1398
6974
956
3569
6924
7283
4770
5278
7672
8094
3356
3287
4366
5087
4893
4676
4350
6643
7406
1616
287
4495
6328
4835
7682
6557
2039
3143
6193
1731
2885
5370
376
7705
3822
6470
1539
5926
1481
3562
3441
7472
699
7353
7274
4320
6503
2691
3090
30
7176
4150
1012
971
8187
5252
2313
7061
2858
6662
7943
2107
1435
5832
4580
5519
3239
152
2326
7613
2334
371
4484
8018
1082
60
5750
6824
4661
4813
5688
2619
6820
5141
4729
2531
1698
6670
1703
8085
1448
5000
1644
6320
3865
8041
2979
774
7120
2159
7919
2752
7116
3389
7584
7050
352
1955
4946
3257
6613
827
5901
641
4142
5671
3247
2932
1849
1796
6110
573
7378
7888
6014
7659
1529
5680
5092
275
2073
4682
4522
1384
585
5185
7931
7522
4490
1280
1501
4435
6455
2329
885
2342
5391
4531
4592
935
5855
7384
4308
4249
3448
4204
5178
906
1512
6770
6183
7592
3296
1273
5201
4714
521
920
3668
5303
2576
3982
1009
35
1427
7223
2719
1946
1667
2408
4266
6443
7969
960
4747
8065
6422
2911
6627
5676
1681
720
3079
6174
1673
7290
1106
8190
5218
1705
5266
265
1625
6822
1802
6143
8020
4330
291
1694
5476
2571
6747
6923
6957
5265
8169
8031
3395
7252
3409
6720
3482
5858
5448
3505
6575
4219
1320
756
7289
1471
1032
636
6370
1257
8023
1687
5600
5348
1291
7872
2793
3792
5121
6606
4648
1451
4138
8037
7846
1239
5083
6040
2745
7428
7515
2701
3528
6288
6301
2631
1001
7230
3436
424
1484
6476
7121
1964
927
6722
386
2296
46
5975
7250
3575
7521
3931
1227
7873
897
5850
367
8084
2184
2988
7549
3494
6396
2261
7874
4571
7983
133
320
5652
6232
7700
2851
4660
4683
5427
6226
1468
6111
3129
4855
6844
6637
3881
1027
4378
5899
6586
7334
2118
7751
7988
3707
6920
770
2008
6387
6214
3958
5311
2790
1873
4086
6608
340
1793
6585
452
400
4156
5388
589
8096
4863
460
7199
1194
5958
3740
5771
3813
5321
7850
1505
120
1087
5714
1943
7514
1628
6591
3081
1098
1343
5172
5826
1350
4113
4883
5803
7005
3661
3724
751
3006
1910
5535
7049
7106
5616
7502
3848
6930
7664
5933
6001
299
6531
8105
8184
215
4152
2248
269
4894
5845
1983
4101
106
2491
979
1125
582
6657
3496
6870
4488
6445
5058
4115
5687
410
1132
4052
7974
1618
3460
4268
6677
5520
1500
3398
5670
7019
408
4668
2955
947
7401
7340
1055
6442
4631
1184
7071
8055
318
916
6310
2198
5942
474
7083
4125
2688
2566
5653
6868
2652
949
2992
938
3282
7094
208
2544
6180
6432
431
3527
2607
1432
7394
3522
6037
1986
8099
4888
7580
574
5641
1138
3456
4978
3898
4160
1764
2380
3490
3775
965
3593
792
902
4100
6372
3602
997
3646
1942
7158
4003
2479
368
7990
5542
6173
1726
1980
7750
197
716
5211
4998
680
4898
5546
75
5996
1542
5720
3698
1284
1832
6705
4669
7035
4560
599
6391
5108
1242
922
6136
203
6813
3610
1662
2335
1643
6023
1584
7386
2185
1931
2119
114
5337
2297
5104
7761
802
5306
2759
204
775
7139
4444
1262
7023
3787
6691
6176
5414
6070
1613
1037
2543
6145
3550
755
6674
7195
7574
630
6005
1954
7483
7879
2236
3673
7246
5581
2450
1626
732
3789
2961
6634
2425
1379
3579
8134
4929
2245
107
3611
1498
4887
5786
3721
3234
4511
6190
6015
3151
6906
3286
3335
5587
1755
7065
5190
7754
6979
704
801
169
7078
3636
4875
6938
7229
6457
244
4858
3896
4684
3388
1712
4612
5887
6032
283
7563
7847
6967
6471
8098
3110
469
523
4901
5976
2506
2496
4262
3617
2153
5072
7681
3594
6337
6490
2459
3853
5867
5375
8128
2919
2181
8016
2995
7079
556
3864
6577
3993
3902
2040
7720
4882
6744
1399
5837
8171
7906
1226
7010
2938
5383
2735
303
6413
5258
4431
2761
7911
5883
162
1741
2920
1831
7896
3946
7362
1347
7499
761
1329
2333
698
1061
5396
4447
2432
5900
959
3507
1546
3041
3070
1492
8090
6579
8071
487
1007
7715
7686
5646
7749
7928
4215
5399
548
4530
4791
5412
5471
185
2597
6258
1289
4079
5840
7569
6775
3428
1594
4028
530
7877
1264
4841
1025
4890
379
2350
8002
5057
2077
722
8040
7488
84
4068
7271
1636
6163
688
1489
7680
7771
3733
1100
2417
1652
2117
739
5795
3693
7622
5180
4872
5924
3695
3323
3480
2260
6928
1333
989
7101
475
954
6466
1068
7510
2956
3879
4667
7815
5964
2942
6652
1615
2661
1675
2502
3502
5223
2908
2570
4029
7234
1491
7292
5030
2642
2075
4710
5224
6155
4056
5592
613
2672
3945
5739
7040
6072
7247
1507
4505
4349
1253
4559
6169
3268
4442
4871
312
660
8163
4626
4789
3497
8043
5565
5895
3766
5421
1803
8102
3833
4333
4966
832
7968
6790
4693
5457
419
540
6726
5937
2676
1695
4504
5357
1042
1783
7636
6578
8154
2718
7565
3851
7306
382
183
2100
4425
6988
6319
8030
2223
6833
600
7822
5783
7834
7333
2284
2594
5392
2045
3385
1446
595
6431
6767
6795
7852
105
4011
612
928
4738
7026
4032
6852
3429
5210
5231
6289
2523
174
6650
3105
3588
6862
6124
3615
3944
2686
1034
2856
1586
6480
6033
3535
4572
5740
2564
1340
1923
3691
5518
7658
7975
180
1303
4063
2303
4335
2842
1328
3447
6556
7377
6197
6658
5206
4854
1752
8144
645
394
2950
3446
6073
1212
1122
6827
2766
1475
5314
6552
2353
104
4002
316
4244
3667
631
2654
4182
5199
983
7132
661
1603
4722
1420
76
1348
7493
7058
357
6250
5111
3980
1233
3135
1963
5657
6516
4705
2538
7704
1073
5277
646
6964
4343
2239
4721
7550
2250
915
5154
3633
8167
2277
1629
7291
5122
5939
3546
4892
6918
6298
7183
2133
1375
963
2338
7612
6048
887
5932
4067
4273
4458
6638
4647
7254
80
184
5659
6939
8101
7371
1449
2042
6075
2199
7133
4837
4492
5076
5389
8100
6911
3577
6293
142
4418
2892
7056
7982
7657
6995
961
1548
5437
6721
161
6857
1637
1114
6382
7932
5156
1395
1270
1486
7208
7461
7300
1290
4790
7609
4231
6367
6347
7282
3498
6631
6654
2074
5492
7676
1533
7471
7277
5312
7795
5662
6081
4921
5035
5621
2196
815
1071
6096
7475
5821
2492
5276
2831
2090
5738
3475
820
5078
6561
8140
908
4098
24
1977
8027
6698
7473
7876
4920
1293
1353
3266
2048
7074
7111
7525
5628
1113
6681
1146
3542
3379
7691
635
703
3026
7096
777
7107
6727
81
3710
8161
1221
1609
3470
7411
5240
7241
7233
5773
3580
7803
668
7278
2394
4788
7736
2175
5835
729
62
5538
5317
399
2574
8108
4986
3408
7807
1135
6046
5202
2833
3167
6901
2461
5499
2937
6281
6483
4363
4859
7239
7724
4889
2301
6099
6506
4013
4136
4732
6679
6248
2377
7062
1744
2986
1804
6493
7881
8146
2592
7427
2163
3759
6676
4930
239
454
5547
4847
4716
8003
6754
1746
2140
5525
7444
6597
3089
1906
5106
2062
6741
6760
1482
3867
2415
8119
858
2746
5902
1997
2861
1213
1515
6701
8174
3922
6508
6646
2156
5443
355
1620
4574
6269
1523
7261
2877
7967
6908
2158
6474
1406
2617
7396
4080
3536
2865
3576
1054
5450
4381
7109
6407
7114
6377
7466
4665
564
4428
6351
6644
1595
1107
2005
4025
2799
4404
1601
7509
7541
3371
3676
4919
2389
489
7842
6523
679
1136
3267
3811
8130
6849
6541
4834
6306
7421
4384
3704
5815
4416
4293
1569
6305
5629
4754
7961
4226
6736
7242
4912
6220
6418
1354
1847
7314
7747
6919
5529
7341
7777
7020
6941
2490
1833
1879
6186
5469
7893
1128
2172
344
7141
7998
4645
3557
1152
5557
397
2944
6622
3730
3967
6420
7861
6279
1608
914
2876
6848
3118
5800
2281
2943
1024
6148
251
4830
913
7398
1824
3891
6405
4874
5429
1967
1287
3096
448
3197
4557
8114
1589
2497
4074
178
5638
6095
5364
7092
1786
5157
1006
2554
6853
3486
7772
2232
7008
2677
3147
6150
102
3819
4009
2429
1961
7921
4323
331
1099
3979
250
833
4995
7860
5731
2740
143
4395
5088
6485
4471
1835
4233
6019
6733
1254
1292
3805
2567
4655
4828
6713
2
3263
4265
6326
2359
3554
2386
1096
6996
7726
7052
3714
5419
6488
8038
7044
5134
64
361
7301
4869
2192
1527
511
4543
5732
7337
1933
3876
6922
8089
3628
6029
3169
5073
5569
129
6821
1306
3231
231
284
1256
5749
5032
461
442
6661
7219
988
4178
191
4412
1599
5308
2534
8145
3224
2470
6342
2930
6091
15
6863
7624
877
5966
5344
2796
702
2341
758
6855
616
1282
7408
3174
4206
8162
5216
3299
1171
6812
4969
5002
4423
7838
986
5152
1813
3533
1409
167
5805
2568
4610
5854
2331
6329
5697
6915
3412
304
2963
6838
7495
4294
5650
3047
4771
561
1389
1175
5892
3375
6802
4999
2160
6050
5368
4383
2255
567
4466
1060
5681
5353
1372
6593
6978
5775
6773
2028
5734
3690
1516
7100
3279
3128
1558
4880
5167
6651
5745
7567
3648
3829
7513
2578
5969
640
1142
6947
3910
3734
7385
6035
6743
6339
4653
7264
5116
5944
4015
5287
4555
4761
2390
1606
2643
2122
6633
3411
218
4278
7653
4878
1830
6660
7022
1159
3031
6026
81
7433
664
1304
3984
1702
7606
5334
3390
2987
4450
7885
1717
4139
4529
7417
4396
4794
2925
5704
3771
7443
7
4913
7669
463
7792
7122
5468
7021
3261
2097
854
7155
4394
597
7523
7322
994
5570
1360
4862
2669
7650
7016
5970
3578
1120
3897
1394
694
818
2815
6564
579
3417
8026
5827
5636
8006
2949
1860
4427
6122
7947
8136
875
3553
7843
543
4348
6605
1610
2403
115
7439
7260
7784
5967
1607
5497
7194
7123
1190
4784
1998
5735
7934
2637
1419
4981
670
7105
6000
7168
5221
3198
707
955
569
6452
5589
4744
3366
907
5355
351
5945
4315
4804
5384
6759
5024
6114
4256
2645
3706
3586
5655
7226
5045
2583
7608
4590
3355
7450
7933
2500
6574
5639
5667
1368
2273
3173
3104
962
428
5447
4690
2772
7434
7302
5851
886
7611
149
4183
6237
7185
7162
3288
8
4108
852
6809
4163
267
7357
3014
273
7629
5608
5451
847
2951
4818
4199
2910
1543
7635
2264
2466
4633
4097
4558
4675
5603
1473
7914
2967
8188
4075
3534
7819
5713
4762
5997
2402
17
2272
5898
6861
5390
4588
4026
4535
6435
1487
43
5004
7963
3627
7946
7205
2142
7886
6270
1697
899
3681
7476
1510
7090
2171
2188
5047
2059
7529
7217
7865
6955
4520
2878
3999
7845
225
389
1268
5631
3302
1770
5712
200
6945
6378
5243
3084
2722
6635
4950
3207
1890
7920
7504
242
6588
7972
1430
8081
7029
5016
4127
4719
6794
7492
6395
1314
4948
4908
6322
8133
2343
7346
7440
4746
7661
2897
6211
3321
4030
7602
5316
5168
7950
4018
6834
943
438
5677
1240
917
7032
2624
6453
3252
7425
6380
7827
4202
8164
7108
4833
2657
1367
1503
3112
2529
1781
6109
1901
4811
6970
958
4777
2665
8068
6238
3091
7590
7607
7358
5812
7548
7719
2870
3488
1583
2136
5762
3133
7407
38
323
5102
7327
7910
4679
4440
7970
2904
6497
1768
6239
7130
6786
5159
4038
6642
1205
5644
5798
5947
5023
1179
3023
7587
4119
6118
3638
285
7228
4651
1097
4158
2041
6302
6785
5936
7721
7066
2000
5444
319
1185
3199
4347
5785
3555
5645
2310
3849
6778
5772
3623
6641
4657
6368
1056
252
1456
6904
741
2788
3764
3927
7794
2980
4107
1969
3066
7918
414
7644
2022
3715
4923
8012
3939
6780
3331
809
3656
2053
2358
5627
4239
7412
1676
7991
2043
3471
2109
1043
6887
1574
5632
3217
3549
4184
5466
4501
2238
1275
2935
5369
7552
1623
165
6545
5034
5689
5264
3810
5341
241
2328
550
8052
667
1787
7630
5093
3182
6621
8051
7275
7517
7213
1922
8015
862
5823
823
237
7268
5393
724
3972
6290
3418
730
3802
4303
77
4976
4218
8124
740
5594
7117
6547
5234
4713
7693
3595
20
3477
6067
6719
6012
4376
4603
5801
2712
3062
2886
2330
4852
6761
7878
6103
261
6659
2698
5349
7791
6496
4198
799
1939
7467
951
6511
5222
7996
2035
8147
2559
3293
4310
5095
7706
3419
1884
1947
980
7745
455
2834
7859
402
1356
8074
4866
4069
370
3664
5521
1321
2487
682
1840
7374
4650
552
4758
7490
3126
3645
1999
3100
6401
6221
553
1711
7597
3159
3317
4715
3208
3828
7118
3688
4861
1250
2874
3258
1791
1508
6688
7718
369
4077
3216
3754
2307
3158
5994
7894
2151
6187
3947
5702
3318
7642
3433
5208
3359
2337
2859
3065
113
2797
3711
5512
7634
7713
98
7002
4939
4196
8059
3591
7707
8069
2011
5824
3762
6439
879
4279
7206
7788
1604
1891
3951
3861
1364
1858
7738
2839
3439
6881
6940
3437
3269
2170
1867
7696
4201
5051
6286
4634
3002
5610
1243
3249
2971
2927
7135
6206
6607
7856
7812
1165
3406
1488
7675
2102
5131
7678
1550
3049
6675
1294
1887
2560
5917
1598
5665
7782
8042
2428
7273
5301
4516
2458
8111
5171
2553
3203
1820
7938
1722
4297
1582
6424
855
1385
5137
3539
5955
7447
5493
2821
103
8153
5957
280
7668
4200
6533
2114
925
8170
1588
1483
3255
6829
6892
3291
4825
2262
2460
4877
6316
2541
4469
2663
3796
7442
4987
3374
7638
2867
6349
449
5149
819
3450
7531
7805
1950
5674
6525
364
5282
6878
5420
3973
8000
2391
2453
890
3959
4736
3343
5486
4851
6753
2997
5
1412
3370
5407
7712
5128
2189
7497
6403
8109
339
3777
1909
896
4979
8127
23
1816
1117
888
7388
3393
3736
7240
8135
1338
4166
6251
1131
2589
1571
6752
116
4932
4282
6065
4147
7507
5979
7379
4059
7323
2957
6330
6268
2387
5573
373
3316
405
6524
7547
1789
8175
3188
4623
5528
4217
2659
4584
2369
4407
6434
4546
6898
3071
1400
1405
6101
6325
2012
5861
7980
6566
3847
7136
512
5343
4406
3772
4609
4706
4662
3019
7060
7591
5679
6321
7069
690
2229
5049
1157
6664
4643
6728
2037
7957
8180
5039
7172
1308
108
5217
4304
4904
2635
4510
2626
4539
2396
3443
5478
507
6702
7486
6195
2070
757
5539
2411
4132
7204
403
5192
7916
3123
6376
5894
5285
591
976
6645
307
7400
1058
3236
6757
110
5743
6194
6769
6381
5005
6551
7157
1671
1776
216
4302
535
2548
2939
7387
1330
6665
3760
7800
5563
8079
3305
6810
6800
1323
5406
6039
6340
5142
2256
5761
8149
7599
4332
4907
6692
7703
2365
4537
3340
190
300
5574
4900
5096
537
1729
3841
1041
813
5615
2575
5920
652
1895
2590
4060
4382
6830
7498
3758
2933
7188
5725
4895
4130
5040
1651
7196
2862
2866
5245
3835
4041
4619
1051
3122
7087
5527
6341
1827
4255
3768
3892
6130
784
6991
3277
7660
305
3650
6975
2726
3893
2854
7756
8008
5434
1749
7003
7643
6229
4573
7840
859
2627
1365
2525
7785
2511
6053
37
2530
5200
728
3027
5986
2352
5207
1295
1230
3725
7266
3392
416
7940
5041
6789
3530
788
8035
1150
1688
8178
2227
6843
5253
7621
4544
4053
1044
2668
4778
4750
2721
1560
5981
484
3060
1572
2729
193
5350
3281
6671
6869
4782
2472
5923
3315
1973
6647
2251
3294
217
21
3008
4232
6299
8034
234
247
5630
2131
6569
1442
4039
123
5440
1169
889
7832
3738
2768
5649
2036
5115
6696
4455
532
4014
3053
2219
4274
4926
83
934
6639
7902
2614
7446
5484
3991
6900
765
6142
6825
4414
1397
3619
5227
7985
3663
7544
2346
4195
8126
5459
6255
4010
6335
5684
5862
6614
8044
1425
3351
5961
816
8046
4046
2086
5215
6386
696
3024
1470
6599
1520
457
1378
5377
2808
1995
4506
4328
7288
2605
1407
6548
3500
3088
456
637
235
7875
50
4388
7995
2922
559
6077
5360
3189
4642
6542
5767
1063
918
306
565
7908
2385
7280
6499
726
687
7037
1452
1713
6059
3283
5549
2308
742
4842
4671
154
1602
6199
4518
6520
909
3230
3818
5954
1196
9
1775
7167
5079
7806
5802
1241
5548
5698
6010
6708
1843
503
2373
4772
2241
945
4795
6097
4927
5765
1003
3821
2703
1504
337
2327
4515
4960
7768
4760
3218
987
57
7077
3273
7253
5197
6350
3280
3005
2435
6149
824
1959
5797
1728
4556
3956
5188
2108
6043
308
2982
4237
1490
8182
5904
176
3873
6589
7445
3454
7243
6315
3310
6871
6385
8192
6240
3087
5298
7131
7403
3431
6899
6465
5473
4933
3756
5502
68
263
502
672
2421
4547
4943
558
4723
33
4561
4124
6724
3767
6656
5162
7237
4940
6348
7084
2603
2739
1327
2451
4170
90
2498
3852
4175
4295
5477
5483
5330
3753
2569
3442
5842
2632
2945
5097
6133
2844
7898
3856
1167
3834
3900
5658
5530
2178
3132
2857
1798
6366
3684
5833
5556
7150
5930
7506
2168
7438
6365
8082
6105
5458
5669
6246
534
7128

